0 0.08227265251530845 0.4485313139586388 0.16390126490339527 0.12058041032807917
0 0.9076816811487505 0.6013593179622587 0.18341134321660363 0.2988910693693487
0 0.23127800854911398 0.430521080337778 0.16410141427889283 0.08639368260477762
0 0.5768443346998288 0.4307330477389189 0.07369518513964125 0.06672684864331317
0 0.4134664215811529 0.4156627338070091 0.044020071832839326 0.041773910746196845
0 0.5487717061576937 0.417184943444335 0.04766606153860895 0.0669008853498442
0 0.5181392441981169 0.4149520441467345 0.024248424165090966 0.037327920236895164
0 0.35726687914020977 0.3995954079129246 0.05607576284463154 0.032892042590725805
0 0.5128195786807543 0.4086255234823665 0.03299811075480376 0.03905393837251039
0 0.6680501717967472 0.4717342790620418 0.12109689408409137 0.10844127546890274
0 0.4814014699940592 0.39878433540769337 0.021914316022971177 0.018633114394321238
0 0.6678974840939289 0.47178898994990226 0.12118368078623262 0.10793843646902493
0 0.4452166802943581 0.3944281524926686 0.013900245298446443 0.01270772238514174