0 0.06964899336375473 0.5040521556447795 0.13860421249443453 0.20716388064745234
0 0.6966232087703776 0.46762078994646566 0.15205833703303864 0.12632338299196602
0 0.4159692123300797 0.4255491165355037 0.06493960963051922 0.06429791194136425
0 0.9705986216335344 0.683277805063615 0.05793419102616517 0.19254658718612536
0 0.5694464795041649 0.42411165806088863 0.042816736029486914 0.051893635113101785
0 0.08502045359069563 0.45009161836357525 0.1678369418578565 0.12192700219177664
0 0.35164410894460985 0.3995330601726692 0.06959008429738604 0.04160581049914467
0 0.626021577799213 0.4378037587871533 0.0824831996116108 0.10716225185002749
0 0.5114778782243331 0.39685233107759804 0.024037920249258993 0.023173581120555353
0 0.557493520192406 0.41247227464603187 0.04632184082430499 0.0534635750778959
0 0.44594194064448334 0.3952296043537695 0.02287840199879906 0.023276350481885387
0 0.46942141167179835 0.39008121732859086 0.01845702126878066 0.015216040587961267
0 0.5012264922322158 0.39100684261974583 0.017988552739165987 0.021505376344086023
0 0.5355083624651855 0.40967650054603494 0.018759851463486306 0.039135169423570385