0 0.15040555022480248 0.5915061973057185 0.3000040058463885 0.3238074339030425
0 0.8455094893448487 0.7410659566303153 0.3072973892324203 0.4940246403042522
0 0.5686798220468366 0.45418012363586724 0.05077326502452984 0.12636189539994197
0 0.5462897512041343 0.4300587375376115 0.04959677870119583 0.06877853676953506
0 0.48444883607005057 0.3980167124161855 0.03908440877644624 0.04725687245120051
0 0.3337564164268512 0.4328540641657884 0.11253622683558616 0.12866022999335594
0 0.4591169255928046 0.3919843597262952 0.018806214227309895 0.02932551319648094
0 0.5274714097953291 0.41482858667159245 0.07015938809535976 0.06328376180848301
0 0.4513491414554375 0.3866080156402737 0.024529844644317254 0.026392961876832845
0 0.8479646946305831 0.3785393529390426 0.10292588465543234 0.040575253066196235
0 0.39480648212323693 0.38141591061827956 0.016601263063419868 0.016008751832844576