0 0.8114916473164094 0.5039114555888395 0.2228735411449816 0.18558156898177847
0 0.07510739898740125 0.5292196562795928 0.14968174169615264 0.2043172140857924
0 0.2307982612416477 0.4643820187446542 0.22280101510996908 0.11477628318212366
0 0.9537949893480427 0.5695932487122357 0.09154764395313778 0.24220137162642044
0 0.6614874202700199 0.4059049544795867 0.03437766498556316 0.03416850070449964
0 0.5144931297271055 0.4354697159425021 0.07976271846892886 0.09484746938576796
0 0.7000992183108263 0.4281459744957768 0.044871519748441335 0.06254758117019489
0 0.7420040451885732 0.4336537261396093 0.09587729727744276 0.06937433058215726
0 0.6442026433063548 0.39977697706175924 0.020525329539937652 0.02612832704247617
0 0.3445625336367092 0.451568558768443 0.05308294413232063 0.06996022035182979
0 0.47423822335892785 0.4090735770157472 0.029892354545686835 0.03640153424364614
0 0.6435690105497496 0.3948978487464107 0.021390152289452166 0.03175928259408602
0 0.37816843826655766 0.4579667644183773 0.02044153720359771 0.04398826979472141
1 0.9090637556373927 0.4535857169858871 0.04832876459653516 0.0938045915620418