1 0.9783499367589943 0.477987041454744 0.04257948244582992 0.16354910066516984
4 0.20580599918193926 0.360107779852456 0.08593905956552152 0.11342438131949535
0 0.4386882142560558 0.39735445412256387 0.06568919920278005 0.05490571709089382
0 0.3465604368819629 0.37256545498457355 0.03904228803084117 0.03306500536488881
0 0.2881229303941703 0.4114619280236208 0.08713776657840606 0.08648660758606733
0 0.4035453390899683 0.3872397116085884 0.05261010881924571 0.04909604129437011
0 0.15863670916802944 0.3708292941543713 0.015699360084065823 0.032201563740988516
0 0.32259513000338563 0.3651090828903959 0.026927483247521464 0.028335108901515152
0 0.30335241210139 0.35777126099706746 0.027800490596892886 0.02346041055718475
0 0.2874080130825838 0.3563049853372434 0.018806214227309895 0.020527859237536656
0 0.27432542927228126 0.35386119257087 0.023712183156173343 0.02346041055718475