0 0.8528986359266404 0.5518391181296967 0.2932868514602923 0.2707122474588374
0 0.5925928273360844 0.4341222142194373 0.07058658428301308 0.07112552646551197
0 0.38024802531556623 0.4428629348471484 0.08823657406224449 0.08611687653691655
0 0.31517496678250206 0.4040402200797669 0.08861331518614575 0.04960472725936278
0 0.5088783195539274 0.3964588840219865 0.028190606554706663 0.02584242238094147
0 0.6966472884620298 0.4695662930097981 0.15323467363808257 0.17640296734672836
0 0.4351413380583095 0.3958725169490393 0.027549363118356502 0.02565579680054069
0 0.5675800164410645 0.4187361045084158 0.06546756622738654 0.06802943911137585
0 0.5380194875322593 0.4147735476377306 0.02497485730848835 0.04845991535503727
0 0.46305182169230374 0.3894416011090619 0.015954180613757155 0.016119277372388198
0 0.49549133350687347 0.3912219870708089 0.01734865676742641 0.020857795126160802