0 0.7902415814403618 0.5629450256407319 0.29686362140995504 0.27111195911992914
0 0.6774092866861713 0.48505190553786354 0.12691080463000817 0.1413024723355022
0 0.3881454779686542 0.4051356012637081 0.07029900040084577 0.05434422945113942
0 0.6423712642292263 0.4296224077659152 0.07569617008636549 0.06639694258614369
0 0.4983646770237122 0.37194525904203324 0.013900245298446443 0.01466275659824047
0 0.5827536906556623 0.40215497655486315 0.015342731117130009 0.03287390506628788
0 0.5128634960458401 0.37020747239755164 0.012703097851083402 0.015097251735474706
0 0.5534011204517579 0.3788002737572932 0.01622197672858749 0.022178881096117424
0 0.5429296485732445 0.37490158603105145 0.011442419942635937 0.016665342150079424
0 0.5670482420278005 0.3812316715542522 0.01553556827473426 0.02737047898338221
1 0.9323808322260834 0.47315583737131905 0.057899456382869995 0.16599193882499388
2 0.6234668847097302 0.3973607038123167 0.07277187244480784 0.10459433040078202