0 0.7074900866529538 0.5168198094223485 0.14258710809740394 0.18344149025537634
0 0.5820175757295074 0.4253590603378162 0.08437603804681112 0.07326632114682613
0 0.42527535189786897 0.3846683297106015 0.03538991034469542 0.034808803047485945
0 0.4810113041301487 0.37433123844926075 0.027128604817176 0.03214691251603739
0 0.5156755049698487 0.391062075558063 0.02427532355120605 0.0467947832183987
0 0.4617194536759633 0.3701502556674991 0.01653374011460037 0.022177628175021384
0 0.6263691238565515 0.3701464819884836 0.06710792971943991 0.033645883450177175
0 0.4169215454201375 0.3616137611784427 0.024964177403797017 0.01803019086403348
0 0.40231477951087236 0.3593322664411886 0.013458426624463409 0.012807568263914345
0 0.503388898448679 0.3812303291387922 0.03114105499092907 0.04220476644596163
0 0.5005858476690259 0.3856688916158816 0.026504329453699918 0.033843427342986315
0 0.08912510220768602 0.44868035190615835 0.1733442354865086 0.1739980449657869
2 0.8802125919869174 0.5303030303030303 0.23957481602616518 0.6813294232649071