0 0.7080280993283039 0.47892525561976873 0.1417954476856347 0.11936952175166483
0 0.07249352727039661 0.4557520324766694 0.14430815758806512 0.1352504159698039
0 0.22270342373789478 0.4330517423001436 0.18699956661545636 0.0933645179427847
0 0.9654609386977463 0.6305822706175922 0.06820237041981807 0.23439164595170456
0 0.600258428740482 0.4313888475226051 0.08007138767694706 0.07203490852960044
0 0.4265347572008509 0.4145614907422257 0.04530600222621116 0.043372250255834556
0 0.37019157253711416 0.39760053379211724 0.05826481891672629 0.03383856481587549
0 0.5376476372058335 0.41370813215000307 0.025417923634888595 0.0375824422081195
0 0.5702209223125767 0.41935483870967744 0.04968141944117948 0.06647116324535679
0 0.498743489250626 0.3970224449478403 0.02119916165742539 0.019851341508583822
0 0.4607522485690924 0.3924731182795699 0.013900245298446443 0.01270772238514174
0 0.5310711365494685 0.4066471163245357 0.033524121013900246 0.039100684261974585