0 0.813570435867871 0.5218528083808728 0.28051667981525963 0.2129957212147941
0 0.39034567557683464 0.43840038788050617 0.0803157778324305 0.08002075911267412
0 0.585332588202039 0.4338126532143512 0.06241226508202167 0.06477763156387463
0 0.32487019923312294 0.40383799264857495 0.0861409671561989 0.04669747301327285
0 0.508698957042429 0.3988220572821206 0.02775213158920176 0.023520908747250734
0 0.4374205744471203 0.3972314888664238 0.026054925053020237 0.02477141349546371
0 0.6709621426324228 0.4619046208445977 0.12724342876443684 0.15242289284923327
0 0.5372281764631669 0.41597383113201064 0.021308356196979763 0.04586269941730816
0 0.464022894521668 0.3914956011730205 0.01553556827473426 0.01466275659824047
0 0.5653506611958938 0.4196729762579805 0.0627363053678199 0.06515192682558957
0 0.4971081413212899 0.39371010937881845 0.017354845123415782 0.02077677289528348