0 0.14402677212595844 0.5851047698586801 0.287484772850623 0.31578327973217557
0 0.7519360820679809 0.5313751429523308 0.23297538351837183 0.20024775619730573
0 0.6393186081069859 0.46145725343467436 0.14583988766736508 0.134449948546707
0 0.2809352172951375 0.4877445970462564 0.1336981335918336 0.1605318578457203
0 0.4133128480451183 0.3964690863794828 0.03659626546689749 0.032853172205293865
0 0.5074207121879472 0.40076299613288885 0.03747723283869072 0.03240194162199108
0 0.5708399076298037 0.4434800283184033 0.05483661941690515 0.08578944649048448
0 0.19293182323140778 0.4002967006649789 0.15216589714792647 0.059463366735016496
0 0.4533012683335037 0.3881256312335808 0.01962068172526574 0.019059853353341885
0 0.49405553510514616 0.3897693593014953 0.023270514200480374 0.02984544561988331
0 0.2632869991823385 0.39002932551319647 0.044153720359771054 0.03519061583577713
0 0.28863450531479967 0.39345063538611924 0.03107113654946852 0.03421309872922776