0 0.7455088754998594 0.5394309184651455 0.25245033944130724 0.2390250078277737
0 0.08326548842358375 0.6887091732677709 0.16538561389569073 0.39447102029302605
0 0.655650378248288 0.47655431126569375 0.11467961882921096 0.13167463882461206
0 0.3831131592794997 0.40406514426014173 0.0666754933916343 0.052667313889907134
0 0.6278956265890101 0.4273814390598271 0.07129829512788737 0.06632117069128787
0 0.5057236304170074 0.3699902248289345 0.013900245298446443 0.01466275659824047
0 0.5461978740801309 0.37732160312805474 0.016353229762878167 0.021505376344086023
0 0.5354224491197364 0.37420679653611466 0.013374235039349959 0.01723079737330462
0 0.4897792313982011 0.3699902248289345 0.013082583810302535 0.01270772238514174
0 0.5727718724448079 0.39833822091886606 0.01062959934587081 0.03225806451612903
0 0.5584627964022895 0.38025415444770283 0.016353229762878167 0.02737047898338221
1 0.8376109512341579 0.45348144113609634 0.05658512942048242 0.1155200111784427
2 0.6120196238757154 0.396871945259042 0.06950122649223221 0.10361681329423265