0 0.7476809634990801 0.5104465130370617 0.2606425749310098 0.2135768379517198
0 0.07492698637657447 0.7248213573168683 0.1488142531130612 0.4020169165826613
0 0.943009333637827 0.7875375757002994 0.11307643537919052 0.39066616740744137
0 0.08184191165453863 0.4414028939613499 0.16219320647168725 0.10785750373251161
0 0.25281838442786053 0.4223777047583318 0.06570474495189851 0.07240055266946176
0 0.154216195556441 0.4234343199669324 0.1478106419960203 0.11036176485749634
0 0.5480500889526267 0.4191940770004735 0.06785212943325838 0.07445549242424243
0 0.2980354914193454 0.41105132788157533 0.07931740636817763 0.05766274013127749
0 0.015794066869130607 0.4694514269936003 0.03113724843264601 0.11461954871929986
0 0.6038430089942763 0.43499511241446726 0.07604251839738348 0.08797653958944282
0 0.428454619787408 0.4002932551319648 0.05233033524121014 0.05571847507331378