0 0.28343135805668057 0.4952350217459372 0.18956688594740137 0.17330118218475074
0 0.6856776040202754 0.48175041370261334 0.14828753217945115 0.13577849238033052
0 0.3546956172266264 0.4560610863470262 0.08924694794275093 0.11403237619707661
0 0.5213134466188419 0.3977469316558987 0.03317707401752862 0.029781457149621212
0 0.43403998536353994 0.39416295086067327 0.0335277641589585 0.02994117475791178
0 0.2563485420832162 0.39027873138994534 0.12178926631649888 0.040706421972369865
0 0.5699181170709193 0.4290591600703354 0.03903110906518295 0.06598109210807673
0 0.6208778562257257 0.4415137178154402 0.10774386913583402 0.1021149487089901
0 0.4691844575247215 0.38689976726692327 0.01963700101888287 0.01854430615377566
0 0.5079100165129292 0.38918840663757026 0.022536195893806215 0.025761549307337487
0 0.1463505112530263 0.38677001535484634 0.09103012396874041 0.013856203558391374
4 0.9380586987524274 0.638111923680161 0.12302900861738553 0.46797560526828264