0 0.1192727584821322 0.6428108849250443 0.23736825368488215 0.3824389803561064
0 0.5889754338237173 0.43643283937217436 0.07252044552969134 0.0708902159510936
0 0.5504867790764897 0.41863816784274194 0.03876860299660159 0.04511470552297165
0 0.36348962043019856 0.40388533516713254 0.07087471713224397 0.025697083533800708
0 0.9834860226996882 0.7896028968013044 0.03216138513772486 0.3410419602081806
0 0.5381492683366976 0.4117919683223363 0.029541015625 0.033335099355449656
0 0.5386288908789222 0.4077896013753971 0.032023694216961364 0.04151882197733382
0 0.07358953393295176 0.43792766373411535 0.14227309893704007 0.05083088954056696
0 0.10629599345870809 0.44330400782013685 0.2109566639411284 0.09090909090909091
0 0.16230580539656583 0.42961876832844575 0.10220768601798855 0.053763440860215055
0 0.2134096484055601 0.4335288367546432 0.06214227309893704 0.07135874877810362
0 0.2616516762060507 0.4305962854349951 0.08013082583810302 0.06549364613880743