0 0.7368908910993075 0.5217100499545607 0.2267477015248109 0.18684758608641863
0 0.9113314387648201 0.6105489870669905 0.17627871397179068 0.37844207256537143
0 0.170503739538684 0.4273122300849982 0.20929212718349155 0.08134500721682551
0 0.543852237629676 0.416392291862361 0.046221729194347916 0.051920543085212
0 0.6224466793281761 0.4537281621819251 0.10495826053697363 0.10702446036091764
0 0.02117797859067909 0.5243582776797715 0.04194039954382771 0.12402689794874144
0 0.5235645359691204 0.4045520830946817 0.04112596737977821 0.04555853790551686
0 0.30412165219922194 0.4008090111517137 0.05934860466546147 0.040123187202162756
0 0.035896738703291825 0.47246676059995113 0.07139012083496506 0.1459486020741691
0 0.5887787039905713 0.43396531568361285 0.0784232388338103 0.083058615467299
0 0.3225719486214738 0.3958699514439379 0.0647197732746065 0.04674585963274377
0 0.34463945140823027 0.3871472191833914 0.04293651066153925 0.0361958761951674
0 0.48502200759051767 0.3924587693498748 0.029047394422654332 0.032063444105877324