0 0.9364738807459884 0.631266067221484 0.1261657066064493 0.2771255627405608
0 0.8191846222148406 0.4781409120979197 0.14806819488450532 0.112660934731641
0 0.6824960903563855 0.4179087738603907 0.0368877420246065 0.03909826791414651
0 0.4522152617634659 0.4210377056461159 0.07346716418387163 0.06551420001107344
0 0.5752248569092395 0.3870967741935484 0.018806214227309895 0.017595307917888565
0 0.6150804396447644 0.3880794968889373 0.015115907907680907 0.017584896740209556
0 0.6292306895345717 0.3908430381021658 0.019481842964278413 0.023703477249816716
0 0.6475878986099755 0.39589442815249265 0.02125919869174162 0.033235581622678395
0 0.6974652493867539 0.44037145650048876 0.013082583810302535 0.05180840664711633
0 0.5637775960752248 0.37976539589442815 0.01553556827473426 0.01857282502443793
2 0.758381030253475 0.4203323558162268 0.1169255928045789 0.14076246334310852