0 0.8882033565642886 0.7446102615908328 0.22192802023712183 0.4812980047768512
0 0.10723243341861158 0.7182275319029509 0.2136844274506448 0.48431676900048876
0 0.10785317752367146 0.44110268511730205 0.13602981816913295 0.09992904886821848
0 0.7017145039892937 0.495218256468414 0.2169812281211672 0.18468820640884653
0 0.2560067726565694 0.4237873006542873 0.059642326997521464 0.06784528954171248
0 0.03337211726585179 0.4328009790922074 0.06634276147660718 0.10974270251023338
0 0.166500500158901 0.4243813642425388 0.13588294764570982 0.10400286214908663
0 0.5332330437049647 0.4197821146348821 0.0630441261721944 0.0704690554740958
0 0.4225168423095104 0.40266968847369866 0.0567280604813982 0.055798781349279084
0 0.2955126009899773 0.41214961763234664 0.0712806034166113 0.05351112641663612
0 0.5862632869991823 0.4203323558162268 0.06050695012264922 0.05474095796676442