0 0.7569392431201452 0.47427251821389294 0.18998891685404742 0.167561968284152
0 0.9113893797430754 0.5665373741589916 0.17623250092625714 0.25387465848950697
0 0.5984379042393831 0.4099458338345018 0.06746900032898098 0.08022301637532074
0 0.4713565704769905 0.3966836192857252 0.0405394709314953 0.04111711160877932
0 0.5548794138948155 0.39680912021551196 0.03428743476275041 0.04054428801625122
0 0.6764353941623441 0.43151493016575787 0.11100847645071034 0.11437442365629583
0 0.5396922400810634 0.38833932885909245 0.03085629080322465 0.035299053173494015
0 0.8537303210279538 0.402659202717383 0.16146758259658625 0.07051305686973057
0 0.5241321679128552 0.3851964806997648 0.02030773895837592 0.027358904378971163
0 0.9482927423759454 0.418558726678962 0.10302165445497752 0.05238552596911657
0 0.8836464308756643 0.4346513347308773 0.07498670501584219 0.08403878757331379