0 0.6948630456932237 0.4877969810806528 0.2236011720346995 0.17614778908350134
0 0.5572512510460318 0.45558412613407256 0.09009532663340658 0.09654771314455034
0 0.21853222850883777 0.41437030094926075 0.10264482599540704 0.059580216542949656
0 0.09853463161215856 0.4445463536654982 0.1870833152839617 0.09528736401629705
0 0.08632469840061441 0.48501761428072304 0.15613471301773582 0.15248386834257394
0 0.5207921774389309 0.4294276978612995 0.0662287839201758 0.07343692723607038
0 0.028231547830149667 0.4881389688769627 0.055872783150130965 0.1710830047100287
0 0.4706863565515127 0.4086031051441838 0.033594887859004496 0.04178223372204912
0 0.4565047905860333 0.40110493918201673 0.03518170210931112 0.03577220987597752
0 0.11174514658219095 0.4053082060604151 0.13135984581411617 0.039431783577330765
0 0.4210944312182198 0.3899856671792904 0.022478978553952884 0.02980744034663673
0 0.5028618152085037 0.4203323558162268 0.05396565821749796 0.06451612903225806
0 0.2825020441537204 0.39002932551319647 0.059689288634505316 0.033235581622678395
0 0.2748590876406953 0.3969559953825681 0.04498982215064135 0.03243946959196298