0 0.6770489646680805 0.500334261449551 0.18488312391404332 0.1523934492034763
0 0.08804413497155548 0.4449089997441654 0.1755356395088642 0.08589967371548143
0 0.9701790610786744 0.7998258380013593 0.05877610687729967 0.3793700097942632
0 0.3044114569026919 0.49051270247204914 0.12205062454485639 0.14534457478005866
0 0.20845726368764533 0.5657112666006079 0.25881267432199573 0.26040228790551684
0 0.5817770283434689 0.44596715127268144 0.097791295897639 0.09614128940615836
0 0.14593113160776683 0.4107921372876955 0.1638692823084085 0.0596343904646261
0 0.5008982598342958 0.414113079231389 0.048975847046197875 0.051981578241462
0 0.4098399950652852 0.4028462310224218 0.045162222761651674 0.045042752054313295
0 0.24708753634161962 0.4015971134368509 0.07820558586962771 0.046916197238896014
0 0.29828857771217676 0.4052391313271322 0.03405744251616159 0.028875953174639542
0 0.229524008874901 0.4149836804044095 0.05022278830153184 0.04616384795217803
0 0.3141453790547705 0.4051715779980373 0.05690956895505417 0.0361866582756751
0 0.3836957256226684 0.3926256166758309 0.023856736165231502 0.02916376704927297
0 0.5367947669664759 0.40811339198435975 0.03515944399018806 0.03225806451612903