0 0.8652580554428787 0.6651213823991554 0.2677036388331715 0.4014039696836052
0 0.7284852571401651 0.5079834193195183 0.15859204321149326 0.12612789746952896
0 0.6532636191741619 0.47662105914551256 0.11423016452243459 0.09785176535389174
0 0.4685242497716297 0.4294193152225379 0.027216339735154332 0.026840612685575513
0 0.5714927791866823 0.4456680461924563 0.05238962368407604 0.06076240725997373
0 0.5388591077029461 0.436553955078125 0.024725526449432746 0.03637385065371457
0 0.942928435855095 0.443226759268275 0.11386684813854252 0.056692859877123046
0 0.863657392250741 0.4652747101098561 0.11657615031556623 0.07302486535274622
0 0.6182101507802918 0.45295249961338435 0.07101153469631541 0.07306806129910497
0 0.5287325119055984 0.4302941524621212 0.023940902797296607 0.028952262035679376
0 0.7403373562305167 0.4289062589494364 0.09524234200927535 0.037309991532639905
0 0.7984984702783243 0.45702523896188446 0.0667291923516711 0.05702154284465115