0 0.15486619802449242 0.6152189521379369 0.30850263292050617 0.3384685796027309
0 0.7063533505356322 0.5182172340847996 0.21930171189889106 0.17873862108993158
0 0.27830721838788136 0.5062371157947291 0.14513674819459704 0.1699743485287604
0 0.07537272660242955 0.4500620404762723 0.15020827226529623 0.09606560700566655
0 0.5924908192744532 0.4503056590508156 0.10815858879931521 0.10332714986940983
0 0.11813445726770509 0.41424550105865865 0.1811896454381436 0.07006534639807857
0 0.5009467436072287 0.4143433780614232 0.04817540316141149 0.0557120016476509
0 0.40781395725802333 0.4043100903344178 0.046226320555243255 0.04299488235428885
0 0.23165019574169243 0.40071778656334006 0.08956079490830055 0.05067427440356183
0 0.3076976735574343 0.4076801348524942 0.059993042091999696 0.04289974984535374
0 0.2894262904918106 0.4080924353874557 0.036815078747828085 0.035836794975332965
0 0.21185055699196392 0.414368525977708 0.046753977715530456 0.04709405237162451
0 0.3829960546236202 0.3914353863817739 0.024403382595308668 0.027203631657426074
0 0.5408830744071954 0.40860215053763443 0.041700735895339326 0.033235581622678395