0 0.8843313421466169 0.689920807630552 0.2307206759760834 0.415457329325895
0 0.2941508008531148 0.4140680486505682 0.16428518100342396 0.0692006816845369
0 0.4764029252558386 0.4204052042285252 0.0494904288091527 0.04675728507988148
0 0.6142969388798037 0.44458234531555474 0.0500349542301206 0.08119280713511119
0 0.6830003665103741 0.4700868071465665 0.15117055747904742 0.1388490738407258
0 0.5974894887779155 0.4326598763116294 0.05480193467970666 0.06492965265686095
0 0.34258660155052256 0.40672652765686096 0.08447193261159802 0.05376672232022849
0 0.48607312979897027 0.40867607288230084 0.03323900748351901 0.03655707544828324
0 0.43833867195484977 0.39957554016411595 0.03256223090632666 0.02104746351493768
1 0.7739723436382103 0.46330608766915626 0.028207025660517172 0.11738349265716642
1 0.8311529026982829 0.45943304007820135 0.038430089942763694 0.1270772238514174