0 0.752833568357778 0.5036060262402249 0.16788750287459117 0.13755689455034212
0 0.20616377910822994 0.44505114662565676 0.2174374758953553 0.10196755149147728
0 0.056915243677886314 0.4733596458696084 0.11325582703506956 0.15483616803748168
0 0.6221700997403286 0.44484871037428214 0.08594283995234567 0.07767979537054008
0 0.5518629147396259 0.42440428971545086 0.026107975233800082 0.038899381605877324
0 0.3814794707278784 0.4062860811444205 0.0548842547861943 0.03314468518030608
0 0.5873145339728766 0.42824203177980663 0.055474668863067254 0.07464232682482588
0 0.5114472608340147 0.4056695992179863 0.022076860179885527 0.019550342130987292
0 0.5466067048242028 0.416911045943304 0.03679476696647588 0.04007820136852395
0 0.43736479190754673 0.42440528906918223 0.04682751434900092 0.04686936185506781
0 0.45506906704345107 0.4067609979027294 0.019119075547449918 0.02329791862361009
0 0.47383483237939494 0.4005062964654738 0.013900245298446443 0.014236673931222507