0 0.8329470767803301 0.5716382695083394 0.3327695607944092 0.2898411009668255
0 0.7027539481711212 0.48698344748041145 0.13488360301257155 0.14821785099928214
0 0.662415349278797 0.42899183047715056 0.07937834171223426 0.07030170101341031
0 0.4069119045603792 0.40107973160282256 0.065140531575787 0.05420160526637341
0 0.5136839772284469 0.3679584193672486 0.01681700711940413 0.013781982899178275
0 0.5687273825569807 0.37581208677468997 0.017230978191434997 0.020540597268679742
0 0.5465652827639513 0.3693276533050388 0.016239443862428454 0.014936340868997434
0 0.5576247482736483 0.37218115126981766 0.012497534638823589 0.017156875028638198
0 0.6001461400229329 0.39816900199226385 0.016711705255391455 0.03458190500328385
1 0.9889847263389206 0.4918238396518741 0.0211991117513287 0.13228630297111743
2 0.642681929681112 0.3949169110459433 0.07522485690923958 0.10752688172043011