0 0.8410438169540193 0.5482431749211495 0.3168962779633841 0.2792506064138105
0 0.35812192029477335 0.46604489860646536 0.12093816774357369 0.11145195536832539
0 0.621186899729469 0.45783619214129706 0.14149261749092906 0.14315524432200025
0 0.5308422671900552 0.4230116380857466 0.057437525551921505 0.05909408315768573
0 0.40775990895530967 0.417073687034152 0.05025404199458299 0.04885031960227273
0 0.5034849427317559 0.4093109757319923 0.041190495962796406 0.04575118943976051
0 0.48282910874897794 0.4066471163245357 0.017170891251022075 0.03519061583577713
0 0.4279303562416956 0.39168116773678063 0.018325618516199918 0.01709679447893756
0 0.9020548436062704 0.39982766070323955 0.12033348052304783 0.04039915798929313
1 0.45748160261651677 0.3939393939393939 0.008994276369582993 0.02541544477028348
3 0.4660670482420278 0.39540566959921797 0.013082583810302535 0.028347996089931573