0 0.7037837355232395 0.4675738650682735 0.145903018879676 0.13313670824932797
0 0.0987629802716334 0.4603156782431803 0.18455598906035903 0.12107170455500062
0 0.3648898732145595 0.3996403788308361 0.08687458677751941 0.03308472395642412
0 0.13073817180592998 0.4296805194396078 0.17106957798206893 0.08393216995433163
0 0.6150433843679732 0.4226384465878544 0.06819817830769624 0.06897151644978006
0 0.58383562987882 0.40912454405604687 0.03840159356155458 0.04564633187660374
0 0.034069985236579635 0.46912598073890366 0.0677368761522304 0.13023270563179679
0 0.5705052622984592 0.38839354752795086 0.032319038497163735 0.029241448157227515
0 0.58340069824618 0.3896962573218322 0.03848363918451043 0.029126000427663733
0 0.5261651676206051 0.3782991202346041 0.01553556827473426 0.017595307917888565
0 0.5466067048242028 0.37927663734115347 0.01553556827473426 0.017595307917888565