0 0.8845796998367871 0.7067023134651073 0.2293052891679017 0.42225186076681637
0 0.09809283543003454 0.4570331442973714 0.1956160649937484 0.11841407992156952
0 0.7210028859697593 0.5056149957233627 0.20485040348081052 0.17724299127871457
0 0.6359388175209526 0.4654472999908358 0.11537521000485486 0.12869993565951857
0 0.5656089002932083 0.43226101484699564 0.06099742724090352 0.06461430434956929
0 0.538144577163609 0.4163352093738545 0.049881842325480374 0.05396068643847752
0 0.2724339133486432 0.41283286235432703 0.0788517824860742 0.046021432587594696
0 0.4920089110330003 0.4016511978641633 0.03169880552751942 0.038146167206973974
0 0.29213978478095615 0.40041389353464074 0.09201566332788226 0.04782328228097507
0 0.4238335897175874 0.3982642090798357 0.028996090955258586 0.02621814955248045
0 0.33140212126862095 0.39384333665536414 0.043439688881400755 0.038018637738269793
0 0.39043336058871625 0.4364613880742913 0.07113654946852004 0.07331378299120235