0 0.6509045330306495 0.48828389008373807 0.08177318557402391 0.14017881093253604
0 0.572904897145531 0.42392519655348854 0.07382374324471075 0.06663082119073803
0 0.427672978024549 0.38514733337819984 0.031735411649440416 0.03067690792437989
0 0.11209939389762973 0.4457222499455874 0.2186227492007289 0.14321642863552358
0 0.5134914145543745 0.3944281524926686 0.017988552739165987 0.03616813294232649
0 0.5049059689288634 0.3870967741935484 0.03025347506132461 0.03714565004887586
0 0.4805338275500818 0.3793962465586434 0.025032099601390023 0.02760969741836205
0 0.4618863646163379 0.3751638790962167 0.01616847739293745 0.02191075598156464
0 0.6164257333401472 0.37113940704136883 0.05723530604813982 0.02703615787092192
0 0.41741618969746525 0.3734115347018573 0.022076860179885527 0.02737047898338221
0 0.5192150449713818 0.39882697947214074 0.013082583810302535 0.0469208211143695
2 0.8409648405560098 0.4975562072336266 0.3197056418642682 0.6490713587487781