0 0.1341389723713049 0.7087274814281296 0.2674560681387526 0.4955134387123503
0 0.7461172557715403 0.5410781666447108 0.2682623375855989 0.21544953734993585
0 0.24354453410462873 0.5235086629351097 0.17814457816173088 0.196146617303962
0 0.09196361058672627 0.4195720713625672 0.18332323536752 0.08845897387432795
0 0.05978194515137817 0.43570605564210657 0.1191007383320045 0.06675259318869135
0 0.5038011727134224 0.4135224015132423 0.05211788498760732 0.05763824850699536
0 0.602352987618497 0.45390740447729566 0.119522855794537 0.11283762643763746
0 0.21520010448340401 0.4006063064172471 0.09879031614114882 0.05415882696038001
0 0.3043895356497215 0.4066411202021475 0.06006802600227412 0.04497777914604716
0 0.406886227873633 0.3991003698384424 0.048753914634224245 0.05131251837617608
0 0.19452681584330922 0.4094948419028363 0.057758895861546915 0.04182152174784641
0 0.2801716914453764 0.4085711854876894 0.041824478062078396 0.04314296569525904
0 0.38014682822800616 0.38968953032880466 0.022491754514705132 0.02813073360558712
0 0.544153720359771 0.4090909090909091 0.04333605887162715 0.03616813294232649