0 0.24193158153618152 0.5167440226117653 0.22805015083618663 0.20409168828850502
0 0.7041697841341732 0.49396743848992697 0.1704153464840556 0.15299893823886546
0 0.6261549268895646 0.44526008613414897 0.11803051378526165 0.11149285429267473
0 0.3335556941059702 0.46556852010687777 0.10192369537478281 0.1266639090469972
0 0.4272379091501431 0.3941074046920821 0.03430864485384301 0.031172557543682797
0 0.5172289819475675 0.39757241764609297 0.03412618816434996 0.03098306814363392
0 0.2387665431224608 0.39221471821923876 0.1333436880166279 0.044791153565646384
0 0.57083890950787 0.43317897345430106 0.04372852041598528 0.07378864008660191
0 0.4651494248422169 0.386158574944251 0.018109724741925595 0.019114683567021017
0 0.11336966176941467 0.38877418197378266 0.10563969709594427 0.01609213074864064
0 0.503213628237109 0.3887337006897987 0.022438629474780255 0.028524329818472017