0 0.8131460344216322 0.6196884945806986 0.37274973410031687 0.3338280880089962
0 0.4458681295274811 0.45960722594200576 0.15122111235499286 0.12237536895543133
0 0.3497203287294626 0.44468696422707416 0.06913988139915934 0.07681211768007698
0 0.3221967296335216 0.42678315432074015 0.05529261142234771 0.062056734415093476
0 0.044140428694563624 0.4166342697068976 0.08686732129785533 0.054405950730846774
0 0.27671001743120144 0.40999930671699353 0.03226399207251635 0.037834637325879765
0 0.2613282846995094 0.4027048895902065 0.03277682712208708 0.035592027889784945
0 0.01992670121318672 0.4753897658541056 0.039587041184927535 0.06731682532227518
0 0.22647857042189418 0.3953684996067021 0.026610754204888083 0.02856003806970919
0 0.9596367474959117 0.5074607871494685 0.07969744129446034 0.08180870734817937
0 0.021280860851228676 0.44348305621105205 0.042474836010549855 0.05838970285007331
0 0.2973883341105376 0.4195588709438768 0.03186668963677944 0.056479982616614736
0 0.10033456361011121 0.39271806435384593 0.0357612304188439 0.034352650274163
0 0.08328255180053212 0.3996702848641404 0.04090332380592677 0.0345876624740347