0 0.7895745365520237 0.5565223880294248 0.2752778372214841 0.2868636533079026
0 0.9074148582028057 0.6953861091143924 0.18420949142094237 0.4438386173192357
0 0.6125842864066972 0.4495133952777523 0.11079727384952473 0.0922863495081867
0 0.19191630902294243 0.41902527571423664 0.1322682864921364 0.0631996967692296
0 0.5585587658262214 0.4230431401018756 0.06725365552177023 0.07229032544446481
0 0.23723960994991825 0.4044101301176457 0.1239230264334628 0.06504435460005804
0 0.49943411476964944 0.40128152647792187 0.0413355230797731 0.0436057410515182
0 0.41790066560759276 0.3920849215599798 0.03738248611412766 0.038708281307276396
0 0.2985191937849742 0.3891384240352746 0.05434981039675746 0.038644054185376954
0 0.33980585879608927 0.45983558572748656 0.12830800066594694 0.1160012820365958
0 0.3947718472921351 0.38603116480136546 0.01893068003245094 0.02117233798417644
0 0.33173414652988936 0.3929368780738331 0.021573182899057134 0.02503443743126833
0 0.37273763187186987 0.4379054094689333 0.06400541740660773 0.07706831021276271