0 0.8379063204674085 0.594858730759905 0.322931721672501 0.29667259358008
0 0.12397237834219843 0.43209000603311337 0.24754383198715874 0.09826475201231061
0 0.5570704163046811 0.41933637303923815 0.05263017107011447 0.057161720850134407
0 0.612194644556802 0.44225662544675587 0.0942023488603843 0.1028166740171371
0 0.6644923661638261 0.4700533959173387 0.13919344361649122 0.1327367281051442
0 0.5337229968092038 0.4055226942194755 0.04491468852207686 0.050425688891816346
0 0.29123915440706766 0.40061806001038613 0.06510958979584015 0.043338660037878785
0 0.31001310434286844 0.39460470995711905 0.07989202516544869 0.05145529171821542
0 0.4917272659763389 0.39224402762344973 0.029875386472812755 0.035930107765533355
0 0.3437633249278158 0.3845279428849355 0.033650782687295586 0.03446317581370662
0 0.42522267601281427 0.3848377276259317 0.029513217929144523 0.032627556913642476
0 0.40310711365494684 0.41837732160312807 0.06541291905151267 0.06256109481915934