0 0.8739105499092906 0.5541500863441624 0.25135285446903105 0.2679879495242241
0 0.14422102123255234 0.48354707272288155 0.28813686665948646 0.1467318269164681
0 0.6609985151938114 0.4055675905587503 0.03744753871116108 0.036296915332126714
0 0.7165814802866926 0.43029094558074443 0.06026839898047833 0.06845319492492974
0 0.5040483077042237 0.43900999365663945 0.09247574763325327 0.11709242715397422
0 0.25288126610968803 0.45796707764865136 0.1467313353194629 0.10263866972713527
0 0.7770386241248467 0.46210128470949413 0.09094926985384301 0.09185021364094574
0 0.747097062167825 0.4431120573250779 0.07804574911845871 0.0866925042861834
0 0.6380227963064697 0.39935164018110797 0.022270495835036794 0.02565693039581806
0 0.33973834832379396 0.46920821114369504 0.033524121013900246 0.056695992179863146
0 0.5576451349141456 0.4310850439882698 0.014717906786590351 0.07820136852394917