0 0.865226040681853 0.545156588885325 0.268701910485231 0.21514361578231916
0 0.292960340822708 0.4213099475014128 0.11589208744825735 0.08890349238033052
0 0.593875189443543 0.41576189356232435 0.05229834543323283 0.04702734923898766
0 0.47260834014717906 0.3812316715542522 0.022894521668029435 0.021505376344086023
0 0.6205784695516915 0.4455037494558743 0.027435277781326657 0.07902692420042155
0 0.19225951324986904 0.44039144357511606 0.0509066764975023 0.08282112725668989
0 0.5440599717571417 0.3896795666229457 0.02880564929029538 0.03253606384217681
0 0.4579192541314263 0.3720264304301839 0.01680622740251942 0.02245395693960777
0 0.5223780684264488 0.3834823354831073 0.02189046090875409 0.022983345934139785
0 0.5070692984081153 0.37849265179676045 0.016539379503526165 0.019280218308971774
0 0.4983646770237122 0.375366568914956 0.01553556827473426 0.017595307917888565
0 0.5502861815208504 0.3939393939393939 0.014717906786590351 0.02932551319648094
2 0.7281275551921504 0.427663734115347 0.1937857726901063 0.21603128054740958