0 0.13362098675912654 0.6655540429019275 0.26603052095614393 0.44093902975699534
0 0.6532889714712796 0.4668961839125886 0.11203020396821341 0.12819978149056085
0 0.3848308273153235 0.3942789355564211 0.0670711489261805 0.052540351218841645
0 0.7327682482640663 0.5263774793518603 0.23927113742781583 0.22971085206271383
0 0.627219224307543 0.42008573918048936 0.07247562985486508 0.06901101329576002
0 0.4893704006541292 0.36070381231671556 0.013900245298446443 0.013685239491691105
0 0.5452909056319629 0.36906610602624024 0.01570330266570421 0.020958148139662756
0 0.5065219283396362 0.36164709782903376 0.013938972429476696 0.01557181051632759
0 0.5570249768036463 0.3742038283063752 0.014629622901548447 0.025235680424456255
0 0.5346032155895467 0.3660015654354151 0.009517142544588103 0.014505574663596652
1 0.8024024245978766 0.421763743589817 0.049133899654410264 0.07012918571106733
2 0.6107931316434996 0.38758553274682306 0.07031888798037612 0.10068426197458455