0 0.8230935421910134 0.5758045752144046 0.3522127265337541 0.31916294489438235
0 0.08621861102731132 0.6835371746462228 0.17142821074701778 0.39268161031624205
0 0.09875860494711511 0.4483776223041911 0.19686866364611627 0.12116116908754887
0 0.654575949892682 0.4944683831924334 0.12394069319169052 0.14548376834753787
0 0.42103525506407147 0.40936665614212947 0.04391861273827167 0.03908060769298326
0 0.5323702171993178 0.4119514025318075 0.043237893579440925 0.03825356044377749
0 0.9783222887814289 0.8641325502218505 0.042536962451451346 0.25827661777171923
0 0.17762629710935904 0.4286065572401179 0.1089437239889424 0.0876811485253238
0 0.24159867044169692 0.41734607804672225 0.06520443633259658 0.05989511737842131
0 0.47187374735697313 0.39802746665559324 0.021701516426691537 0.020771522559261974
0 0.5167620605069502 0.40078201368523947 0.02616516762060507 0.03128054740957967