0 0.8119281010849985 0.4995427583785817 0.2122829184606245 0.15252402148055658
0 0.34307408430297553 0.42099883526068393 0.09668994320286949 0.07704310263356855
0 0.6100265739983647 0.4137225258268802 0.045006914988757155 0.04358694723507759
0 0.49476245496473836 0.383667529153684 0.021339048446443173 0.019762682425311585
0 0.5460518987473171 0.3851650980094544 0.019094471841782503 0.023198490385202834
0 0.6309610087659061 0.43890097460555655 0.02091619408920176 0.06545206109100073
0 0.5664062749530483 0.3903081452042476 0.026888356867717702 0.033293245824550954
0 0.5325195861467064 0.38125890767236376 0.0151618215166343 0.019495869894764175
0 0.26332117238204594 0.43383899438882273 0.021139698543221074 0.06404640294706133
0 0.48256198636645287 0.37439922433444833 0.01680812383419358 0.021825408189760507
2 0.7134096484055601 0.41886608015640275 0.14963205233033525 0.176930596285435