0 0.8438968985956025 0.6153748065728479 0.3112094782457328 0.3496361338148369
0 0.7007918400737173 0.50598099784068 0.17584982097684995 0.19188922125106916
0 0.589482903967894 0.44480721482083946 0.084616834963333 0.07982813740988515
0 0.033654585468505895 0.49479363554267475 0.06695826645279554 0.12830365461571358
0 0.5496486810417518 0.4230188423820488 0.058463095838869585 0.06378576552763013
0 0.42024698826687706 0.3938121478695091 0.036583414647000205 0.03799110330561156
0 0.2294140969352067 0.41516292269978006 0.10776929629209679 0.054766672680687925
0 0.4974192060219491 0.40337362130949106 0.038895214763900246 0.04159519050128299
0 0.2628771204102361 0.40214699664073955 0.10955401316882155 0.056664102354823435
0 0.31420964563078113 0.39201701025342894 0.04659849527129753 0.04066549321656586
0 0.3679476696647588 0.44868035190615835 0.09484873262469337 0.08797653958944282