0 0.8768662135326171 0.5819206946290018 0.24521754866044052 0.27530984142076004
0 0.2630267638411565 0.43110073533342497 0.12666521672820422 0.0952156790307307
0 0.5840967385766941 0.4187502147864736 0.0567133381828751 0.049105736517137094
0 0.13205464473047515 0.45815267404386606 0.08737311125386472 0.1021769086403348
0 0.4589021796587541 0.38667033354907443 0.0248932608404027 0.02188035772925831
0 0.6154121904225011 0.452320997549525 0.030817413953904332 0.0840647707703293
0 0.5090167840191895 0.38560651404417157 0.02096185816767171 0.025054901809170332
0 0.49328825382160923 0.38292268247781497 0.01677089388606398 0.019534322639830768
0 0.5312271180546684 0.3914131917795012 0.029229751299954008 0.03568543017434934
0 0.4445960730289887 0.3780787403632469 0.019141134042186224 0.02007307871112842
0 0.5394218488492053 0.3968487513030379 0.018458019390714432 0.03123415949757148
2 0.740801308258381 0.4310850439882698 0.22403924775143091 0.24437927663734116