0 0.8657292688078112 0.7058832162985704 0.26739481990686326 0.5400468186782136
0 0.6418605501887649 0.4723171260233382 0.14026043596369073 0.11658717180626833
0 0.34728206656355404 0.4586593911328507 0.08776039504069144 0.09750363227792033
0 0.1465047647596283 0.4346356284699948 0.16323085856652123 0.07446465068082539
0 0.572378562496806 0.4350705859947764 0.0827138655905049 0.08326251345995235
0 0.2916743917145499 0.504007587451506 0.177473852698762 0.16820614871624512
0 0.20557958145952576 0.4089324891508966 0.15414411243803658 0.06121405548364186
0 0.2792736561885157 0.39838226706168284 0.06332951418610742 0.046040882696038
0 0.5026630142723452 0.4086434671023491 0.04413770050273406 0.04840123688370601
0 0.41704617342009276 0.3990537134433422 0.04101255577505366 0.0430990239625336
0 0.31981647082848913 0.4004390861981076 0.027005960584564084 0.025654663205263318