0 0.7481532747981399 0.5264631702053931 0.2649973809280458 0.20055475169729045
0 0.05310624055655784 0.4535135248655914 0.10525275090631656 0.09992678167766374
0 0.16219021975750428 0.4369269526715619 0.13725594546301678 0.07553482428557245
0 0.5355130286852259 0.45852349394111225 0.09522362722301717 0.0868744164967467
0 0.3158795410555499 0.4216836013868524 0.04245366917607829 0.039379668026026396
0 0.4660390010156889 0.42997253954934933 0.06483061471535159 0.05906717518557551
0 0.4435813573180703 0.42179863147605084 0.041700735895339326 0.05571847507331378
0 0.4151606337515331 0.41831301990259195 0.02270497831280662 0.03411778723156464
0 0.25864062929192433 0.4079573138135386 0.056823156548638086 0.03163941980923143
0 0.3810302534750613 0.40420332355816224 0.019623875715453803 0.01857282502443793
0 0.4089044429002389 0.41317367180817755 0.033796134193900755 0.037376366519275415