0 0.8889267703888364 0.5334496073941914 0.2206424890925235 0.22240157887150233
0 0.6078175804406429 0.4024005341739599 0.04355524644828291 0.042339037823420696
0 0.7071504008058437 0.4442228762868096 0.09115613062461672 0.10101324325665934
0 0.06618105505006 0.5117632585303641 0.1316998309515971 0.14566484527737047
0 0.7855298719928583 0.4710415926846591 0.15471863142311426 0.13656959272666178
0 0.40416932749338846 0.47061392895054377 0.14996060911788378 0.18487184884378055
0 0.5829543381173983 0.39522201224855663 0.021264339019700533 0.028562872057902616
0 0.018424329254243185 0.5385560663098348 0.03644480126759895 0.1486567313603525
0 0.5747809172261473 0.3864852741200437 0.024219678253398404 0.02735833758133248
0 0.48896156991005724 0.4467253176930596 0.02125919869174162 0.11143695014662756
0 0.339329517579722 0.40615835777126097 0.05723630417007359 0.047898338220918865