0 0.8669156365382895 0.49936551479067387 0.19588377508879293 0.1531542706233199
0 0.060148026364705454 0.5417422148256125 0.11974306466729545 0.23507684463396566
0 0.9506495078859618 0.6327976290198482 0.09765355507077882 0.33910491436224643
0 0.10224367284618824 0.4925718782933926 0.20270807540328992 0.1425240107412329
0 0.7843995737620094 0.4554449922295027 0.12251188164349959 0.11444276751893939
0 0.6442074093385886 0.4009837787288841 0.041966635578495504 0.04009589142114186
0 0.7248261920370631 0.4353157408892351 0.07665461667326758 0.0872620165872434
0 0.46669460493136117 0.4507461204789834 0.11975878686663174 0.15031616568914957
0 0.6199039637018985 0.3914826990688768 0.022904952042237327 0.030640990852960043
0 0.41030303630688497 0.3995380121941441 0.038783300342076346 0.03243759021031892
0 0.13448767299449357 0.46829383231094973 0.25589276217868456 0.12304087887761181
0 0.5946992139590147 0.3728990153949398 0.012625843213409649 0.012311351846972752
0 0.5322976287816844 0.43499511241446726 0.017988552739165987 0.09188660801564028