0 0.8729014236812015 0.6847697656059079 0.2529876284782553 0.41180008247800587
0 0.6154710047574484 0.4448224139469926 0.10868265272064084 0.09470654559391802
0 0.46974422925822773 0.3760833292762555 0.018210834493816434 0.024812789723087734
0 0.491005723630417 0.3812316715542522 0.03025347506132461 0.033235581622678395
0 0.4221437568071916 0.39694462959833976 0.04819279543610742 0.04778393459226845
0 0.6622657058478766 0.3752359369749664 0.08421708712885834 0.037269868226111925
0 0.5318887980376125 0.3993157380254154 0.028618152085036794 0.04594330400782014
0 0.46116107931316436 0.3729227761485826 0.02125919869174162 0.020527859237536656
0 0.5171305920779461 0.3913588388690967 0.03851068828891557 0.04371474518687378
0 0.029435813573180702 0.4638318670576735 0.058871627146361405 0.18670576735092864
0 0.42354865085854454 0.36608015640273706 0.03434178250204415 0.016617790811339198