0 0.6991123502018601 0.5280989034434568 0.15015506822363042 0.22548105010538858
0 0.6339797287423983 0.46048506124278316 0.10426296879790985 0.09993790881025477
0 0.43098126565055195 0.3980660536422058 0.022016174366312348 0.02262796381468414
0 0.49975206651165166 0.4080751480594758 0.022200627299672936 0.034622803927633186
0 0.5284431563569987 0.41501369084780515 0.04657251914797118 0.056197478740912146
0 0.5885851182415167 0.44008361279440067 0.0900745157910875 0.08090081685682429
0 0.5885655300985665 0.4395168599028974 0.0902757870790321 0.08256824601547226
0 0.48908421414266917 0.4027997834475043 0.021504487156965454 0.02920004209814883
0 0.5663488080827116 0.42135512723950697 0.058126628934995914 0.06596796626802297
0 0.7341040098949816 0.4032925394157044 0.0853977156582175 0.034375560831347754
0 0.12959934587080948 0.6549364613880743 0.2542927228127555 0.5630498533724341