0 0.7616531234828546 0.49577972919244107 0.22015046488527187 0.17406716444625184
0 0.39988361648721765 0.4326922583556711 0.07435701484087541 0.07387822394496885
0 0.5792130776730504 0.4284912139206455 0.05465600925298957 0.059302813845995235
0 0.33583031418083736 0.4009324537111284 0.07614774540225112 0.0445475499068304
0 0.5096822319124336 0.3971435904852456 0.025834090575173753 0.023385473943059627
0 0.021297503223159913 0.49400899370627904 0.042260922387985546 0.13456936385974158
0 0.6515730002427432 0.4502999314115194 0.10726796459781275 0.13303510231472995
0 0.5611081189633585 0.4148916354510325 0.05621861904640229 0.0599385519764174
0 0.4405271291537842 0.39473056886436186 0.024113278455258586 0.025383495282334433
0 0.46565821749795583 0.39051808406647115 0.01553556827473426 0.01466275659824047
0 0.5358902439170456 0.4118814626863392 0.021650312771489166 0.044554232152675954
0 0.49944269861827983 0.39153160773880435 0.017691611463869585 0.020455846105968963