0 0.8085802254477974 0.4819078193731672 0.16338128178020236 0.12349721063966276
0 0.9521404525245298 0.6709252559777462 0.09475131592395748 0.22443987267457843
0 0.41393692378420766 0.4190538840792629 0.07908132557779282 0.06797613030188478
0 0.6547407398239473 0.41494434763143023 0.04017390877325225 0.041276769554160556
0 0.5443432138088972 0.38452870358702956 0.02003939387648201 0.017558436239919355
0 0.5969535971116747 0.38726154823340514 0.019129356203367743 0.02338699534724768
0 0.583988217769445 0.3842224837048662 0.015315083139564594 0.018780750263471407
0 0.6163817660689647 0.39197466450352825 0.026653249246218317 0.03209906286275049
0 0.3556760724021681 0.4315825879049441 0.013319113755557542 0.049121994659930966
0 0.532653159814493 0.3771547408863713 0.01727749067354865 0.01921661764762036
0 0.6708912510220768 0.4389051808406647 0.013900245298446443 0.05278592375366569
2 0.7391659852820932 0.41642228739002934 0.1259198691741619 0.14858260019550343