0 0.1245636651604661 0.4817522035898934 0.2484425921130161 0.16898543580652797
0 0.27798096351904256 0.4443527773561599 0.14038507644017018 0.10574000741729289
0 0.9390049682517375 0.6046411508688829 0.12076836224959117 0.3781316166166453
0 0.39383875300235077 0.4093678643160435 0.05567464259249796 0.05303817853433529
0 0.6083810701783524 0.41133533824573865 0.03762600291291905 0.04249914324062194
0 0.6408212806782757 0.41643123682642963 0.06055925171197874 0.048336263975439886
0 0.5672559012961212 0.4010730791884317 0.03331930639309076 0.03350382606304985
0 0.5266047405202371 0.4013179655997984 0.040572259237019626 0.03951432721239614
0 0.4643039906112658 0.388794482278684 0.019998720407680907 0.02199532815554741
0 0.4907557190390561 0.3926230810021841 0.02325279753615597 0.023232677232251954
0 0.44748955365584114 0.39021718909896597 0.01814805262418234 0.01717745873235887