0 0.09518324705000696 0.5210209135202835 0.18953396020516547 0.20532214629918133
0 0.9134387486505392 0.6113890557461586 0.17209683259978026 0.35345378439447395
0 0.8276747222426283 0.48696411669778683 0.1485531324260272 0.13321883424402797
0 0.6502513370841425 0.4027457288516465 0.040028382595308665 0.03808903997128543
0 0.7215056898938956 0.43387713390361526 0.07185953909124591 0.08089637197007882
0 0.769293921557198 0.4500615631729976 0.10645883705220258 0.10179980922188112
0 0.48012641912976545 0.4476259740566578 0.11088371120898917 0.13309604797661595
0 0.1604431289585516 0.47735774691853006 0.20032607894984797 0.13439344777156648
0 0.6273978881336877 0.39831927794515215 0.019447607381950123 0.02428942668239858
0 0.4255069037099793 0.4062776537584769 0.035588162313790375 0.021505078029539344
0 0.43523428816339177 0.39281134731259165 0.024443257566562755 0.018022673337457235
0 0.19552291346103173 0.4633321006976265 0.20602008386020862 0.10706383788107894