0 0.830287181639028 0.532806172748465 0.299208110020186 0.22310888266167217
0 0.9459608800081766 0.6862035249801441 0.10710008048855274 0.21663017683131722
0 0.10045225154349575 0.42409372935663336 0.07921836771929937 0.06449796167636547
0 0.6050076426196469 0.4441786064080828 0.0671719592414912 0.0731079459539956
0 0.20393977941106015 0.4129295908460869 0.06308731989887827 0.04487002793178763
0 0.548253506202729 0.40703556661149043 0.03191175484208913 0.032458681048768936
0 0.6961099994250818 0.48491184685819894 0.1247480740239166 0.12644348442845796
0 0.2739165985282093 0.40615835777126097 0.039247751430907606 0.026392961876832845
0 0.6524938675388389 0.45650048875855326 0.0866721177432543 0.093841642228739
0 0.03638593622240392 0.43304007820136853 0.07113654946852004 0.07233626588465299
3 0.4836467702371218 0.40175953079178883 0.01062959934587081 0.03128054740957967
4 0.5163532297628781 0.38514173998044965 0.02698282910874898 0.04105571847507331