0 0.8589407171466169 0.6113997204912024 0.2810350045354661 0.3434148137753544
0 0.14349784728258433 0.5807375940526103 0.28598403677234663 0.29464679915650965
0 0.29774413962687807 0.5009635709014922 0.13983269080897384 0.1607274328625214
0 0.6610719021089917 0.45084529515002597 0.0858617924513236 0.07642773938668439
0 0.48640615318217245 0.4227838749293591 0.04121969102935916 0.03947805216352028
0 0.624763470054745 0.4319483364548968 0.0447876775060047 0.051160586777553765
0 0.5132555333883765 0.415557324361941 0.026305952719363247 0.033186479048295456
0 0.552739165985282 0.4227761485826002 0.014717906786590351 0.01270772238514174
0 0.5343417825020441 0.42130987292277616 0.013900245298446443 0.013685239491691105
0 0.6041044420817789 0.4259305713463389 0.024366302365469134 0.043388329409900415
2 0.5744071954210956 0.41837732160312807 0.017170891251022075 0.021505376344086023