0 0.8847561178885809 0.6695335738703186 0.22922454110345972 0.4393625865350837
0 0.22253438866927988 0.5057338442387586 0.26245070400534354 0.1804576288336999
0 0.7506322104328496 0.5201974460456378 0.17126484806188674 0.19798575631567694
0 0.3546382875980555 0.470632081390709 0.09791092081140126 0.12074314091329118
0 0.648197776064557 0.4391157014162543 0.07127054733812857 0.06447305241171798
0 0.4967608697474831 0.41730206173536016 0.036792221755544766 0.03688906970727945
0 0.6208992160351083 0.42455619148261853 0.043105293080539654 0.04667817206210288
0 0.5226480853625818 0.4157562255859375 0.024998462892221997 0.025456284031723484
0 0.5422895280240699 0.4178283482586067 0.015993306993560916 0.01478318618073375
0 0.562551103843009 0.41837732160312807 0.014717906786590351 0.011730205278592375
2 0.5821749795584628 0.41348973607038125 0.016353229762878167 0.021505376344086023