0 0.9148419583711289 0.613179688812584 0.16926326424200225 0.261587879408373
0 0.8120735274507487 0.49734247977666024 0.23763741144662204 0.18380952091161107
0 0.696438531259582 0.45622483120169693 0.1062799236955744 0.11786016947130071
0 0.6291034040349678 0.4134566082399728 0.07168925948934485 0.06623212379910497
0 0.04049290443267232 0.403421649951506 0.08090246964980127 0.04760700423463465
0 0.5859782233748978 0.3987360681140411 0.027230363348323794 0.047102643830568794
0 0.5689927332730734 0.39027327223374114 0.02244207299545176 0.03186682498816288
0 0.6018902832430498 0.40520215523907166 0.03243656735486509 0.0500600745834097
0 0.13779680902414018 0.4015417760884424 0.13160180304738603 0.049311364734161166
0 0.2808286802552318 0.38666377062904755 0.026897614448653413 0.03029700434918744
0 0.294547616704409 0.3828203158411229 0.027404211236138083 0.030641199673142716
0 0.24891863469695422 0.386220102319503 0.04389600527647179 0.03285943681077407
3 0.5421095666394112 0.39100684261974583 0.019623875715453803 0.039100684261974585