0 0.8844433314275858 0.591908176157365 0.2297401209883483 0.2914915560277676
0 0.6772225630254114 0.45007922339416084 0.11000596278043234 0.09864978659770589
0 0.04922240139126095 0.4186635245792094 0.09249730804175114 0.06509748442082111
0 0.12361982194303199 0.416971902110826 0.07003908944929221 0.05232705631796799
0 0.17863202972287345 0.4106111349364996 0.05879116604197542 0.0474680194873381
0 0.2192709572668068 0.4070984065707478 0.04506513045054426 0.039745878963526396
0 0.2503510020545342 0.4018802139416468 0.04339861616382615 0.03948888098156464
0 0.625102207686018 0.43792766373411535 0.04333605887162715 0.07038123167155426
0 0.6054599166208862 0.4248653348473393 0.05147584305371014 0.06131527360932918
0 0.0127377841234792 0.43010059106851023 0.02460825652834439 0.04433440416323008
0 0.3221223570729316 0.3973330053066578 0.03668280263855529 0.024828988202972264
0 0.553147996729354 0.3937396276032121 0.023712183156173343 0.025814977442647238
0 0.5746264329038481 0.41087878274777767 0.03523939355708299 0.041385863183880135
3 0.5224856909239575 0.4022482893450635 0.014717906786590351 0.03421309872922776
4 0.5331152902698283 0.3763440860215054 0.022894521668029435 0.03128054740957967