0 0.9242716404812704 0.5159375590662802 0.15044362527468316 0.15194642485528165
0 0.8645790580443837 0.4765405738808193 0.08877985183079518 0.10359264981595186
0 0.743576012375115 0.424175527205332 0.03863096198193479 0.032813317381857894
0 0.8233095357774811 0.4606686589305352 0.052438781189314186 0.078653852028348
0 0.7292445035421351 0.41643517457844575 0.026384255385067456 0.03130632178641251
0 0.8558969942156838 0.3906102781771215 0.015705149191281683 0.017655060321587854
0 0.3004905968928863 0.4100684261974585 0.08912510220768602 0.05180840664711633
0 0.3712183156173344 0.40371456500488756 0.047424366312346686 0.021505376344086023
0 0.4427636958299264 0.40420332355816224 0.023712183156173343 0.026392961876832845
0 0.5318887980376125 0.40175953079178883 0.022076860179885527 0.019550342130987292
1 0.9669626630531991 0.43275338300628513 0.015656740277493867 0.01728240578987964