0 0.8555804647974371 0.560435305359543 0.2885969260239932 0.23122121861253667
0 0.7273143103935634 0.486033002418973 0.14738503032693684 0.1392999464465726
0 0.03237573725711295 0.42300504533426503 0.06428882326147932 0.0733772643267351
0 0.9377611586039708 0.689719609384546 0.12345780180013287 0.2526231991347446
0 0.15835955566007 0.4113623506279402 0.07630362709525756 0.05382414787046371
0 0.6498967542671709 0.4618228080801717 0.10557405186401267 0.1013518302671371
0 0.554643283198334 0.4067190548774667 0.03970509090096075 0.037124022244241814
0 0.1977129146298325 0.4052059140023598 0.03782636341459909 0.0435708979124664
0 0.6298815149414861 0.4393707006907533 0.07893717181750817 0.07874656818945504
0 0.5331083034162919 0.39185900795378176 0.023654092459627966 0.031126199463129278
0 0.5376124284546198 0.40127077223851415 0.022076860179885527 0.030303030303030304
0 0.24938675388389206 0.4027370478983382 0.04578904333605887 0.02932551319648094
3 0.4832379394930499 0.3973607038123167 0.011447260834014717 0.028347996089931573
4 0.5208503679476697 0.38269794721407624 0.03107113654946852 0.042033235581622676