0 0.9261299438975623 0.5247451170681742 0.14677313167543948 0.1864369561129185
0 0.8609909594107726 0.4693928827638151 0.1094620362326247 0.11553098915376038
0 0.7072479422718213 0.4097773756099936 0.03936632831663941 0.033344794578216645
0 0.8142547482656634 0.45039290113999114 0.08040301368944194 0.08455144112177725
0 0.6911377302467677 0.4008850067824795 0.02628688859042825 0.03455553399735765
0 0.39165985282093213 0.39638318670576733 0.03761242845461979 0.03812316715542522
0 0.31766148814390843 0.39345063538611924 0.053147996729354045 0.03616813294232649
0 0.2391659852820932 0.3998044965786901 0.10220768601798855 0.05474095796676442
0 0.42109566639411283 0.396871945259042 0.02616516762060507 0.02932551319648094
0 0.44317252657399836 0.39589442815249265 0.02125919869174162 0.02737047898338221
0 0.48896156991005724 0.3895405669599218 0.027800490596892886 0.01857282502443793
1 0.9611529446194041 0.42184555635424303 0.0203394293297731 0.025498972843352882