0 0.9257306452179579 0.6206513495272789 0.1474020483059076 0.2834045469819159
0 0.8364389315064774 0.5246609177873748 0.2747646528292365 0.19477213303015029
0 0.6933375161296504 0.4635598191068319 0.14522783929757768 0.1273627407040414
0 0.1154912666327039 0.41306160994871854 0.07461408114491773 0.05929314845468292
0 0.04400949164286853 0.42336873551384563 0.08506920897171133 0.0655028043953904
0 0.17027653891437872 0.40680564067463953 0.06246378065032834 0.05229382407746823
0 0.245967113279653 0.39913372140476083 0.04654207642899121 0.04085647418934812
0 0.6291900909249156 0.44042130486123837 0.05471170445689391 0.07282943949321848
0 0.5885416250782528 0.42135459027332295 0.052679628011932746 0.05874046109405547
0 0.00425731189981505 0.44058916645665325 0.008418101521904899 0.047127314443578934
0 0.6170888106937985 0.4286459795074612 0.05632207438483749 0.06681270356984666
0 0.5482420278004906 0.39574510680615377 0.03025347506132461 0.02902687050380315
0 0.2659729078765395 0.3940453105191914 0.027005012368727002 0.03427112090855633
3 0.491580267568543 0.3949169110459433 0.011115834445906582 0.02932551319648094
4 0.5196238757154538 0.37438905180840665 0.025347506132461162 0.03714565004887586