0 0.7418588933063548 0.4619908486643145 0.133721140302407 0.10383171909365836
0 0.9235622752229405 0.5473357020701598 0.15185437081587286 0.24216939230701673
0 0.6694681786750051 0.41796326101234116 0.06424292052074816 0.05519666326826735
0 0.10771643949744161 0.43527740746998717 0.10096027065473605 0.060041470495020774
0 0.4031633079198181 0.40935849723927786 0.025848114188343214 0.03650725691898827
0 0.38428824823212643 0.4021930713224737 0.030863427375051104 0.030881999175219943
0 0.21427802072620158 0.4418651920143344 0.13273273758096765 0.08061207820709616
0 0.337060200027628 0.41184275637390794 0.033413653868880316 0.02934284527164284
0 0.36137885454728386 0.40711166665234755 0.022648983672322157 0.025348771469101295
0 0.6507444093194246 0.3968490347018573 0.03181813100470155 0.028029634805718476
3 0.5483785708810303 0.4397185951150874 0.03652168080539656 0.07982819707279448