0 0.8586610932868715 0.5912348056468796 0.28092171769598323 0.3237424908262311
0 0.26235373645947785 0.48299195409869866 0.21803727855666777 0.152699818242913
0 0.7117052803445038 0.4944827768693105 0.13364598172079414 0.1676753576433437
0 0.36904928436653595 0.4564337856259164 0.08580302802247292 0.10886512077682063
0 0.6377253060641098 0.4291495642937057 0.06114235454568684 0.0578500816665903
0 0.4971764877207047 0.410288552501451 0.0364622426442406 0.03487332848393206
0 0.6172645799663353 0.4171401515151515 0.0398481716801666 0.04439248600546799
0 0.5222820490964202 0.4049527791937775 0.025673742286513694 0.031810950673570385
0 0.5421095666394112 0.41104594330400784 0.014717906786590351 0.01466275659824047
0 0.562142273098937 0.4115347018572825 0.013900245298446443 0.009775171065493646
2 0.5821749795584628 0.4066471163245357 0.016353229762878167 0.02346041055718475