0 0.912975545214125 0.6176340321291927 0.17305258425746117 0.30267683012394614
0 0.10110591380009375 0.4331012177677099 0.10307893729658275 0.06444683056306513
0 0.7030341459509787 0.44253463968853096 0.1056397781933514 0.08223508832974401
0 0.24841934915263442 0.43427031247613485 0.09948690543872649 0.06546175631376772
0 0.026898547988735255 0.4377824442127933 0.05349574680954145 0.07887072670378177
0 0.17211481127111228 0.4229264991141251 0.06237039386690004 0.05219269544614492
0 0.6680294358135732 0.4315738025415445 0.05723630417007359 0.06940371456500488
0 0.6430023517749004 0.4086130837657701 0.03592445454632563 0.042165896060529694
0 0.2295465601923421 0.41077121052224613 0.05797311778158217 0.0372658409797318
0 0.6418642681929682 0.42424242424242425 0.02125919869174162 0.05083088954056696
3 0.5590089188183514 0.42285693216184017 0.02670824576476901 0.057835076444892476