0 0.8810106403790627 0.5938736066324154 0.23695724125485487 0.30157121675105386
0 0.7423426081485077 0.4822865296901729 0.20577321711467703 0.16253841098103006
0 0.0683082415252461 0.4130601482074398 0.09091893630444955 0.06590111397811278
0 0.6513072253248288 0.449616328712083 0.0757974295565464 0.09096430893168071
0 0.017383414517877928 0.42148892131369137 0.03465798498418423 0.06650188964366446
0 0.6319566603478894 0.43292988080782624 0.07091816038941129 0.07950798623839199
0 0.22388282956788508 0.396830211053962 0.05784503378443121 0.04265384916452835
0 0.13645081976253481 0.4047866627384607 0.07275137975385515 0.057015636216626954
0 0.5936392833244967 0.4243915516843078 0.05781536460994992 0.06648613863559995
3 0.48691741618969747 0.3895405669599218 0.012264922322158627 0.028347996089931573
4 0.5171708912510221 0.3724340175953079 0.025347506132461162 0.03714565004887586