0 0.8719086167467294 0.5494778540826613 0.2550431108825634 0.26826639632209187
0 0.7383449800854712 0.4815757057883523 0.14447555479609567 0.14524845783311952
0 0.6433802157859771 0.42263799911603434 0.08090906150986305 0.07514251082523828
0 0.2288008820104092 0.39266720172363756 0.046610510164075275 0.04013207697565371
0 0.6072485261731526 0.4145947080669981 0.03542918644278925 0.05644108239972813
0 0.04212051335240936 0.41531634587113575 0.08419298535808373 0.06057079982664345
0 0.25849948237396514 0.38880604196736773 0.03122330023827167 0.035175133310804615
0 0.09656328464860518 0.4088509150381079 0.058202729494183744 0.05405220934139785
0 0.555523801415257 0.37924303220747035 0.02028717764654027 0.023527620824550954
0 0.5904730159731449 0.4047160516852624 0.03990641209500204 0.051399268246349585
0 0.1853312307562091 0.39400351665120203 0.05154461365494685 0.038979359735841275
0 0.5687679562135886 0.39315569179382026 0.023234581810864678 0.033963111139112906
0 0.2911638336306406 0.3856355997124725 0.021535154453380518 0.033259625775140515
0 0.1410466067048242 0.3978494623655914 0.059689288634505316 0.05083088954056696
3 0.53556827473426 0.3943854487653119 0.017988552739165987 0.03608272548761302