0 0.12510220768601799 0.7067448680351907 0.25020441537203597 0.5610948191593352
0 0.6614881439084219 0.46236559139784944 0.1651676206050695 0.14858260019550343
0 0.5666394112837285 0.416911045943304 0.06541291905151267 0.06744868035190615
0 0.365903515944399 0.4310850439882698 0.07440719542109567 0.07624633431085044
0 0.5363859362224039 0.4022482893450635 0.03761242845461979 0.04594330400782014
0 0.5155355682747342 0.39638318670576733 0.02698282910874898 0.03616813294232649
0 0.4026982829108749 0.4095796676441838 0.0482420278004906 0.04887585532746823
0 0.4922322158626329 0.39589442815249265 0.02616516762060507 0.02932551319648094
0 0.32461161079313167 0.45405669599217985 0.12264922322158626 0.10654936461388075
0 0.41496320523303354 0.3993157380254154 0.033524121013900246 0.03812316715542522
0 0.4321340964840556 0.39638318670576733 0.01062959934587081 0.03421309872922776
1 0.3634505314799673 0.38465298142717497 0.01553556827473426 0.01857282502443793