0 0.839329517579722 0.5928641251221897 0.3180703188879804 0.36852394916911047
0 0.5216680294358136 0.40860215053763443 0.09321340964840556 0.06256109481915934
0 0.36467702371218313 0.4056695992179863 0.06214227309893704 0.05865102639296188
0 0.6827473426001636 0.48240469208211145 0.17007358953393295 0.15347018572825025
0 0.6140637775960752 0.4398826979472141 0.116107931316435 0.11534701857282502
0 0.44685200327064595 0.39296187683284456 0.059689288634505316 0.043010752688172046
0 0.4178250204415372 0.38758553274682306 0.032706459525756335 0.03812316715542522
0 0.3859362224039248 0.39051808406647115 0.04251839738348324 0.04398826979472141
0 0.3082583810302535 0.3724340175953079 0.032706459525756335 0.03128054740957967
0 0.482011447260834 0.3699902248289345 0.025347506132461162 0.024437927663734114
2 0.3634505314799673 0.35532746823069405 0.03025347506132461 0.04007820136852395