0 0.7820932134096484 0.5312805474095796 0.29354047424366314 0.2238514173998045
0 0.5253475061324612 0.4281524926686217 0.08094848732624693 0.05474095796676442
0 0.6013900245298447 0.4525904203323558 0.09403107113654947 0.093841642228739
0 0.6406377759607522 0.4804496578690127 0.11038430089942763 0.11632453567937438
0 0.383892068683565 0.4232649071358749 0.05478331970564186 0.05083088954056696
0 0.9685200327064595 0.8460410557184751 0.06132461161079313 0.2805474095796676
0 0.4599345870809485 0.41397849462365593 0.05478331970564186 0.04007820136852395
0 0.41373671300081766 0.41593352883675466 0.04251839738348324 0.042033235581622676
0 0.49672935404742435 0.3949169110459433 0.033524121013900246 0.02541544477028348
2 0.3708094848732625 0.38025415444770283 0.03025347506132461 0.039100684261974585
