0 0.9043336058871627 0.7233626588465298 0.18806214227309895 0.36950146627565983
0 0.7367130008176614 0.5024437927663734 0.23548650858544562 0.187683284457478
0 0.5928045789043336 0.4423264907135875 0.08503679476696648 0.08504398826979472
0 0.3892068683565004 0.41935483870967744 0.05233033524121014 0.04887585532746823
0 0.5224856909239575 0.4227761485826002 0.07522485690923958 0.05180840664711633
0 0.6218315617334423 0.46774193548387094 0.08585445625511039 0.10263929618768329
0 0.4652493867538839 0.4120234604105572 0.04578904333605887 0.03812316715542522
0 0.4247751430907604 0.41348973607038125 0.044971381847914965 0.043010752688172046
0 0.49550286181520853 0.3914956011730205 0.029435813573180702 0.024437927663734114
2 0.3708094848732625 0.3787878787878788 0.03025347506132461 0.04007820136852395
