0 0.821340964840556 0.5821114369501467 0.35404742436631237 0.2727272727272727
0 0.66107931316435 0.4833822091886608 0.1757972199509403 0.16324535679374388
0 0.5228945216680294 0.4281524926686217 0.11201962387571546 0.07624633431085044
0 0.9562551103843009 0.8260019550342131 0.08421913327882256 0.32453567937438904
0 0.3401471790678659 0.42473118279569894 0.07686017988552739 0.07331378299120235
0 0.43785772690106295 0.40615835777126097 0.0678659035159444 0.04985337243401759
0 0.29599345870809485 0.3782991202346041 0.04088307440719542 0.033235581622678395
0 0.40106295993458707 0.3978494623655914 0.033524121013900246 0.043010752688172046
0 0.4811937857726901 0.37927663734115347 0.03679476696647588 0.02737047898338221
0 0.3413736713000818 0.38514173998044965 0.05151267375306623 0.021505376344086023
2 0.3712183156173344 0.36314760508308896 0.04088307440719542 0.04594330400782014