0 0.8446443172526574 0.5845552297165201 0.3090760425183974 0.2697947214076246
0 0.9121013900245298 0.7746823069403714 0.17252657399836469 0.3411534701857282
0 0.517988552739166 0.41055718475073316 0.0678659035159444 0.0469208211143695
0 0.6733442354865086 0.4633431085043988 0.16598528209321342 0.13880742913000976
0 0.392886345053148 0.40615835777126097 0.04660670482420278 0.04398826979472141
0 0.5932134096484055 0.44330400782013685 0.059689288634505316 0.08504398826979472
0 0.4362224039247751 0.40175953079178883 0.04987735077677841 0.04105571847507331
0 0.4689288634505315 0.3998044965786901 0.033524121013900246 0.03519061583577713
0 0.5744071954210956 0.4257086999022483 0.0678659035159444 0.07331378299120235
0 0.49059689288634506 0.38220918866080156 0.02616516762060507 0.021505376344086023
2 0.3695829926410466 0.37145650048875856 0.024529844644317254 0.039100684261974585