0 0.08135731807031889 0.4970674486803519 0.16271463614063778 0.20821114369501467
0 0.19133278822567457 0.46920821114369504 0.11937857726901063 0.12316715542521994
0 0.03679476696647588 0.7619745845552297 0.07358953393295176 0.3489736070381232
0 0.6406377759607522 0.4760508308895406 0.11201962387571546 0.11730205278592376
0 0.3094848732624693 0.4310850439882698 0.06950122649223221 0.07429130009775171
0 0.39983646770237125 0.4100684261974585 0.035977105478331974 0.03421309872922776
0 0.2579721995094031 0.447702834799609 0.08258381030253475 0.08993157380254155
0 0.3491414554374489 0.4257086999022483 0.03761242845461979 0.05571847507331378
0 0.37162714636140637 0.42130987292277616 0.02044153720359771 0.044965786901270774
0 0.4219133278822568 0.4071358748778104 0.019623875715453803 0.028347996089931573
0 0.679067865903516 0.4472140762463343 0.05478331970564186 0.07135874877810362
4 0.679067865903516 0.3895405669599218 0.08258381030253475 0.09872922776148582