0 0.1590351594439902 0.45894428152492667 0.19215044971381848 0.13587487781036167
0 0.31766148814390843 0.4687194525904203 0.13654946852003272 0.11632453567937438
0 0.5915780866721178 0.44574780058651026 0.08258381030253475 0.08406647116324535
0 0.39697465249386754 0.40420332355816224 0.033524121013900246 0.03225806451612903
0 0.2608340147179068 0.43255131964809385 0.05723630417007359 0.06744868035190615
0 0.365903515944399 0.41300097751710657 0.038430089942763694 0.04007820136852395
0 0.41741618969746525 0.40078201368523947 0.013900245298446443 0.02541544477028348
0 0.3274734260016353 0.3998044965786901 0.053147996729354045 0.02346041055718475
0 0.2919051512673753 0.4066471163245357 0.04088307440719542 0.02346041055718475
0 0.6308258381030254 0.43841642228739003 0.028618152085036794 0.06549364613880743
4 0.6373671300081766 0.3949169110459433 0.07277187244480784 0.10361681329423265