0 0.1463614063777596 0.6441837732160313 0.2927228127555192 0.34017595307917886
0 0.910874897792314 0.7302052785923754 0.1749795584627964 0.37927663734115347
0 0.6553556827473426 0.4604105571847507 0.12510220768601799 0.11534701857282502
0 0.2800490596892886 0.5131964809384164 0.18070318887980377 0.16226783968719452
0 0.39043336058871625 0.4423264907135875 0.08258381030253475 0.0772238514173998
0 0.5269828291087489 0.4125122189638319 0.033524121013900246 0.03519061583577713
0 0.5556009811937858 0.41593352883675466 0.03515944399018806 0.04594330400782014
0 0.589125102207686 0.4252199413489736 0.053147996729354045 0.06451612903225806
0 0.4247751430907604 0.426197458455523 0.038430089942763694 0.05278592375366569
0 0.4349959116925593 0.41642228739002934 0.032706459525756335 0.04887585532746823
0 0.455437448896157 0.40078201368523947 0.013082583810302535 0.019550342130987292
1 0.3671300081766149 0.4002932551319648 0.014717906786590351 0.024437927663734114