0 0.12060506950122649 0.5449657869012707 0.24121013900245297 0.2961876832844575
0 0.22485690923957483 0.48191593352883677 0.10466067048242028 0.14271749755620725
0 0.294358135731807 0.43548387096774194 0.06541291905151267 0.0635386119257087
0 0.5024529844644318 0.43792766373411535 0.08585445625511039 0.08406647116324535
0 0.44971381847914965 0.4178885630498534 0.039247751430907606 0.042033235581622676
0 0.3295175797219951 0.4237536656891496 0.05233033524121014 0.05767350928641251
0 0.42927228127555195 0.41397849462365593 0.017988552739165987 0.028347996089931573
0 0.41496320523303354 0.40762463343108507 0.01553556827473426 0.02541544477028348
0 0.874897792313982 0.5141739980449658 0.019623875715453803 0.06256109481915934
0 0.40065412919051513 0.40860215053763443 0.014717906786590351 0.019550342130987292
