0 0.8544562551103843 0.7267839687194526 0.2878168438266558 0.5249266862170088
0 0.5686835650040883 0.46480938416422285 0.1757972199509403 0.12023460410557185
0 0.2849550286181521 0.4726295210166178 0.13164349959116925 0.13391984359726294
0 0.44439901880621424 0.42179863147605084 0.08912510220768602 0.06744868035190615
0 0.28822567457072773 0.3924731182795699 0.06295993458708095 0.03225806451612903
0 0.12305805396565822 0.3993157380254154 0.06132461161079313 0.04594330400782014
0 0.3286999182338512 0.3782991202346041 0.039247751430907606 0.03128054740957967
0 0.5024529844644318 0.386119257086999 0.04006541291905151 0.033235581622678395
0 0.4063777596075225 0.4100684261974585 0.05233033524121014 0.05571847507331378
0 0.3744889615699101 0.3807429130009775 0.027800490596892886 0.028347996089931573
0 0.5760425183973835 0.38220918866080156 0.0678659035159444 0.033235581622678395