0 0.10997547015535568 0.6510263929618768 0.21995094031071136 0.43010752688172044
0 0.6668029435813573 0.4638318670576735 0.14799672935404742 0.14173998044965788
0 0.34873262469337696 0.44916911045943303 0.1054783319705642 0.0967741935483871
0 0.5429272281275552 0.4095796676441838 0.022894521668029435 0.03519061583577713
0 0.5735895339329518 0.41837732160312807 0.0580539656582175 0.05474095796676442
0 0.44562551103843007 0.4144672531769306 0.027800490596892886 0.044965786901270774
0 0.4080130825838103 0.4281524926686217 0.07522485690923958 0.08211143695014662
0 0.509403107113655 0.40078201368523947 0.016353229762878167 0.021505376344086023
0 0.526573998364677 0.4002932551319648 0.019623875715453803 0.026392961876832845
0 0.4542109566639411 0.40420332355816224 0.023712183156173343 0.030303030303030304
0 0.535977105478332 0.4046920821114369 0.018806214227309895 0.02932551319648094