0 0.8066230580539656 0.5488758553274682 0.3180703188879804 0.2590420332355816
0 0.26778413736713 0.5161290322580645 0.19705641864268192 0.16226783968719452
0 0.3475061324611611 0.4726295210166178 0.10629599345870809 0.10654936461388075
0 0.4051512673753066 0.4345063538611926 0.06132461161079313 0.059628543499511244
0 0.5147179067865904 0.41593352883675466 0.03025347506132461 0.03225806451612903
0 0.5396565821749796 0.416911045943304 0.029435813573180702 0.04007820136852395
0 0.5654129190515127 0.42424242424242425 0.04333605887162715 0.05474095796676442
0 0.6091578086672118 0.4452590420332356 0.08994276369582993 0.08504398826979472
0 0.42804578904333607 0.42179863147605084 0.03679476696647588 0.04594330400782014
0 0.4427636958299264 0.41544477028348 0.022076860179885527 0.039100684261974585
1 0.3695829926410466 0.40860215053763443 0.014717906786590351 0.02932551319648094