0 0.9145543744889616 0.6050830889540567 0.16762060506950122 0.31085043988269795
0 0.1394112837285364 0.5 0.21668029435813574 0.17497556207233628
0 0.2804578904333606 0.4501466275659824 0.13409648405560098 0.1241446725317693
0 0.03761242845461979 0.5474095796676441 0.07522485690923958 0.20918866080156404
0 0.8896156991005724 0.5117302052785924 0.16026165167620604 0.176930596285435
0 0.3589533932951758 0.4335288367546432 0.06704824202780049 0.08113391984359726
0 0.446443172526574 0.40371456500488756 0.050695012264922325 0.043010752688172046
0 0.47506132461161077 0.3993157380254154 0.024529844644317254 0.03225806451612903
0 0.3953393295175797 0.42473118279569894 0.044971381847914965 0.0635386119257087
0 0.8679476696647588 0.44819159335288367 0.11529026982829109 0.06940371456500488
0 0.5596892886345053 0.3866080156402737 0.013900245298446443 0.01270772238514174
0 0.5253475061324612 0.38514173998044965 0.022076860179885527 0.015640273704789834
4 0.8540474243663123 0.39002932551319647 0.1349141455437449 0.18377321603128055