0 0.11365494685200327 0.7502443792766373 0.22730989370400653 0.47214076246334313
0 0.6757972199509403 0.4755620723362659 0.14309076042518398 0.1300097751710655
0 0.22812755519215044 0.5434995112414467 0.24529844644317253 0.19941348973607037
0 0.3822567457072772 0.4506353861192571 0.09239574816026165 0.08406647116324535
0 0.598119378577269 0.4335288367546432 0.06459525756336877 0.06940371456500488
0 0.5592804578904333 0.42179863147605084 0.039247751430907606 0.047898338220918865
0 0.5261651676206051 0.41837732160312807 0.033524121013900246 0.03714565004887586
0 0.41496320523303354 0.43304007820136853 0.053147996729354045 0.05474095796676442
0 0.4268192968111202 0.42130987292277616 0.047424366312346686 0.05083088954056696
0 0.45216680294358136 0.4046920821114369 0.016353229762878167 0.021505376344086023
1 0.3605887162714636 0.4032258064516129 0.014717906786590351 0.024437927663734114