0 0.580539656582175 0.48191593352883677 0.1929681112019624 0.13098729227761485
0 0.883483237939493 0.7609970674486803 0.22976287816843827 0.4525904203323558
0 0.26901062959934585 0.49071358748778104 0.14881439084219134 0.15249266862170088
0 0.446443172526574 0.4315738025415445 0.09321340964840556 0.06940371456500488
0 0.11651676206050696 0.40615835777126097 0.07113654946852004 0.047898338220918865
0 0.27269010629599344 0.40078201368523947 0.06950122649223221 0.03519061583577713
0 0.4071954210956664 0.41886608015640275 0.05233033524121014 0.059628543499511244
0 0.33605887162714637 0.3836754643206256 0.03761242845461979 0.030303030303030304
0 0.5044971381847915 0.39345063538611924 0.04088307440719542 0.03421309872922776
0 0.3802125919869174 0.3885630498533724 0.039247751430907606 0.030303030303030304
0 0.5817661488143908 0.39100684261974583 0.0678659035159444 0.033235581622678395