0 0.2109566639411284 0.4560117302052786 0.13082583810302534 0.09481915933528837
0 0.6234668847097302 0.45650048875855326 0.09239574816026165 0.08993157380254155
0 0.29599345870809485 0.43841642228739003 0.07849550286181521 0.06549364613880743
0 0.48160261651676206 0.4002932551319648 0.02616516762060507 0.026392961876832845
0 0.36222403924775143 0.4203323558162268 0.04905968928863451 0.0469208211143695
0 0.3426001635322976 0.4291300097751711 0.05560098119378577 0.056695992179863146
0 0.5989370400654129 0.4310850439882698 0.059689288634505316 0.05865102639296188
0 0.5637775960752248 0.40811339198435975 0.03025347506132461 0.03225806451612903
0 0.43254292722812754 0.40127077223851415 0.024529844644317254 0.028347996089931573
0 0.5556009811937858 0.396871945259042 0.025347506132461162 0.03128054740957967
2 0.45053147996729354 0.38807429130009774 0.02616516762060507 0.03128054740957967
1 0.5008176614881439 0.3939393939393939 0.008994276369582993 0.02346041055718475