0 0.35486508585445625 0.4755620723362659 0.2927228127555192 0.11827956989247312
0 0.03311529026982829 0.4442815249266862 0.06623058053965658 0.06940371456500488
0 0.48650858544562553 0.42179863147605084 0.06541291905151267 0.04985337243401759
0 0.3070318887980376 0.40860215053763443 0.0482420278004906 0.03128054740957967
0 0.374897792313982 0.4071358748778104 0.033524121013900246 0.030303030303030304
0 0.34423548650858543 0.4066471163245357 0.032706459525756335 0.02737047898338221
0 0.9865085854456255 0.4560117302052786 0.023712183156173343 0.03812316715542522
0 0.4092395748160262 0.4046920821114369 0.03188879803761243 0.03519061583577713
0 0.42927228127555195 0.4066471163245357 0.019623875715453803 0.02346041055718475
1 0.9538021259198691 0.41593352883675466 0.018806214227309895 0.042033235581622676
3 0.12510220768601799 0.40811339198435975 0.04088307440719542 0.04985337243401759