0 0.08503679476696648 0.4472140762463343 0.17007358953393295 0.14760508308895406
0 0.03761242845461979 0.47458455522971654 0.07522485690923958 0.13196480938416422
0 0.23793949304987735 0.427663734115347 0.08830744071954211 0.07917888563049853
0 0.19092395748160262 0.4257086999022483 0.09566639411283728 0.07331378299120235
0 0.18315617334423548 0.4638318670576735 0.07686017988552739 0.06940371456500488
0 0.4080130825838103 0.4120234604105572 0.07195421095666395 0.0635386119257087
0 0.4513491414554375 0.3841642228739003 0.02616516762060507 0.03519061583577713
0 0.25224856909239574 0.41544477028348 0.10057236304170074 0.07233626588465299
0 0.42395748160261654 0.39833822091886606 0.053147996729354045 0.05767350928641251
0 0.509403107113655 0.3670576735092864 0.02125919869174162 0.020527859237536656
1 0.5380212591986917 0.40371456500488756 0.024529844644317254 0.05865102639296188
