0 0.6578086672117743 0.46236559139784944 0.11365494685200327 0.11730205278592376
0 0.2518397383483238 0.436950146627566 0.10793131643499591 0.0801564027370479
0 0.12714636140637775 0.46529814271749753 0.1839738348323794 0.12512218963831867
0 0.31398201144726084 0.4232649071358749 0.07031888798037612 0.06647116324535679
0 0.34341782502044155 0.4125122189638319 0.05560098119378577 0.056695992179863146
0 0.4795584627964023 0.3870967741935484 0.028618152085036794 0.02932551319648094
0 0.6206050695012265 0.4305962854349951 0.07195421095666395 0.0772238514173998
0 0.5723630417007359 0.3949169110459433 0.035977105478331974 0.03519061583577713
0 0.49509403107113653 0.3763440860215054 0.018806214227309895 0.021505376344086023
0 0.60670482420278 0.41300097751710657 0.058871627146361405 0.05571847507331378
0 0.42641046606704824 0.3895405669599218 0.028618152085036794 0.026392961876832845
0 0.5592804578904333 0.3841642228739003 0.02616516762060507 0.033235581622678395
2 0.44930498773507765 0.3724340175953079 0.033524121013900246 0.033235581622678395