0 0.22526573998364677 0.43304007820136853 0.09403107113654947 0.08602150537634409
0 0.16639411283728536 0.4286412512218964 0.11201962387571546 0.0772238514173998
0 0.07072771872444808 0.4579667644183773 0.14145543744889616 0.1652003910068426
0 0.15699100572363042 0.47165200391006845 0.08994276369582993 0.07917888563049853
0 0.4525756336876533 0.3870967741935484 0.02698282910874898 0.03714565004887586
0 0.24202780049059688 0.4203323558162268 0.10302534750613246 0.07429130009775171
0 0.013900245298446443 0.4995112414467253 0.027800490596892886 0.11143695014662756
0 0.4055600981193786 0.41642228739002934 0.07522485690923958 0.06842619745845552
0 0.4243663123466885 0.40175953079178883 0.05233033524121014 0.06256109481915934
0 0.5130825838103026 0.36852394916911047 0.02044153720359771 0.02346041055718475
1 0.5253475061324612 0.40811339198435975 0.02044153720359771 0.05571847507331378
