0 0.10874897792313983 0.45112414467253176 0.15862632869991825 0.0967741935483871
0 0.42641046606704824 0.4090909090909091 0.059689288634505316 0.05180840664711633
0 0.1733442354865086 0.44037145650048876 0.10956663941128372 0.08895405669599218
0 0.03188879803761243 0.48533724340175954 0.06377759607522486 0.1495601173020528
0 0.08789860997547015 0.47751710654936463 0.14145543744889616 0.12218963831867058
0 0.30335241210139 0.41886608015640275 0.06214227309893704 0.059628543499511244
0 0.20032706459525756 0.4237536656891496 0.12428454619787407 0.09286412512218964
0 0.4578904333605887 0.38807429130009774 0.019623875715453803 0.03128054740957967
0 0.2796402289452167 0.4125122189638319 0.050695012264922325 0.0469208211143695
0 0.4349959116925593 0.38269794721407624 0.039247751430907606 0.026392961876832845
0 0.5102207686017989 0.37194525904203324 0.022894521668029435 0.020527859237536656
0 0.28863450531479967 0.44037145650048876 0.02616516762060507 0.03812316715542522
1 0.5703188879803761 0.39638318670576733 0.01553556827473426 0.04594330400782014
