0 0.5858544562551103 0.45894428152492667 0.21668029435813574 0.09090909090909091
0 0.06582174979558462 0.4203323558162268 0.13164349959116925 0.06451612903225806
0 0.830335241210139 0.47458455522971654 0.28863450531479967 0.1300097751710655
0 0.6197874080130826 0.4208211143695015 0.11283728536385937 0.047898338220918865
0 0.48814390842191335 0.40762463343108507 0.02616516762060507 0.02346041055718475
0 0.3462796402289452 0.4095796676441838 0.03679476696647588 0.03519061583577713
0 0.30744071954210955 0.41348973607038125 0.050695012264922325 0.04105571847507331
0 0.9873262469337695 0.45454545454545453 0.023712183156173343 0.039100684261974585
1 0.7248569092395748 0.7482893450635386 0.17743254292722813 0.3782991202346041
1 0.7436631234668847 0.6177908113391984 0.04987735077677841 0.0801564027370479
3 0.13286999182338513 0.4066471163245357 0.033524121013900246 0.04887585532746823