0 0.05600981193785773 0.4921798631476051 0.11201962387571546 0.12609970674486803
0 0.07726901062959934 0.447702834799609 0.1545380212591987 0.11730205278592376
0 0.39697465249386754 0.41935483870967744 0.08912510220768602 0.07820136852394917
0 0.16230580539656583 0.4418377321603128 0.12183156173344235 0.10752688172043011
0 0.19582992641046607 0.42473118279569894 0.1267375306623058 0.09090909090909091
0 0.45461978740801307 0.3841642228739003 0.029435813573180702 0.04105571847507331
0 0.419460343417825 0.3993157380254154 0.06050695012264922 0.06744868035190615
0 0.517988552739166 0.3651026392961877 0.022076860179885527 0.022482893450635387
1 0.49427636958299265 0.40811339198435975 0.01553556827473426 0.07135874877810362
1 0.4145543744889616 0.3455522971652004 0.019623875715453803 0.03421309872922776
