0 0.07849550286181521 0.4555229716520039 0.15699100572363042 0.10361681329423265
0 0.06009811937857727 0.4965786901270772 0.12019623875715454 0.12316715542521994
0 0.14309076042518398 0.4447702834799609 0.12264922322158626 0.09775171065493646
0 0.1794766966475879 0.4286412512218964 0.15126737530662307 0.10459433040078202
0 0.4219133278822568 0.4056695992179863 0.06214227309893704 0.05865102639296188
0 0.28986099754701555 0.41837732160312807 0.0678659035159444 0.06256109481915934
0 0.26533115290269826 0.41104594330400784 0.053147996729354045 0.04398826979472141
0 0.45461978740801307 0.38465298142717497 0.019623875715453803 0.03225806451612903
0 0.5073589533932952 0.36852394916911047 0.02044153720359771 0.021505376344086023
0 0.2992641046606705 0.40860215053763443 0.07358953393295176 0.05278592375366569
0 0.4276369582992641 0.3807429130009775 0.044153720359771054 0.028347996089931573
0 0.2722812755519215 0.44281524926686217 0.032706459525756335 0.04105571847507331
1 0.562551103843009 0.3939393939393939 0.009811937857726901 0.043010752688172046
