0 0.12224039247751431 0.6319648093841642 0.24448078495502862 0.3763440860215054
0 0.3695829926410466 0.4198435972629521 0.07522485690923958 0.07135874877810362
0 0.4304987735077678 0.39100684261974583 0.023712183156173343 0.03519061583577713
0 0.4026982829108749 0.4095796676441838 0.03025347506132461 0.05278592375366569
0 0.205233033524121 0.4755620723362659 0.2518397383483238 0.198435972629521
0 0.4811937857726901 0.3870967741935484 0.025347506132461162 0.019550342130987292
0 0.40760425183973836 0.39296187683284456 0.038430089942763694 0.043010752688172046
0 0.4452166802943581 0.38807429130009774 0.02044153720359771 0.02737047898338221
0 0.45339329517579724 0.38563049853372433 0.01553556827473426 0.022482893450635387
0 0.39411283728536384 0.40811339198435975 0.04578904333605887 0.05180840664711633
1 0.17457072771872445 0.45161290322580644 0.056418642681929684 0.10557184750733138
1 0.22608340147179068 0.32746823069403713 0.056418642681929684 0.07820136852394917