0 0.18192968111201963 0.43499511241446726 0.16762060506950122 0.08211143695014662
0 0.4448078495502862 0.40811339198435975 0.044153720359771054 0.03812316715542522
0 0.30335241210139 0.4115347018572825 0.08994276369582993 0.06060606060606061
0 0.35854456255110384 0.4120234604105572 0.04333605887162715 0.04398826979472141
0 0.2829108748977923 0.44623655913978494 0.04088307440719542 0.04594330400782014
0 0.27023712183156173 0.4232649071358749 0.0678659035159444 0.05474095796676442
0 0.3017170891251022 0.42473118279569894 0.04578904333605887 0.05571847507331378
0 0.46647587898609977 0.3914956011730205 0.01553556827473426 0.026392961876832845
0 0.44930498773507765 0.38758553274682306 0.03188879803761243 0.024437927663734114
0 0.5134914145543745 0.37976539589442815 0.016353229762878167 0.01857282502443793
