0 0.2825020441537204 0.4291300097751711 0.16762060506950122 0.07820136852394917
0 0.46443172526574 0.3978494623655914 0.044153720359771054 0.03714565004887586
0 0.06459525756336877 0.4398826979472141 0.06050695012264922 0.04887585532746823
0 0.5560098119378577 0.3841642228739003 0.014717906786590351 0.011730205278592375
0 0.5760425183973835 0.37976539589442815 0.01553556827473426 0.01857282502443793
0 0.4836467702371218 0.3890518084066471 0.033524121013900246 0.033235581622678395
0 0.5028618152085037 0.39100684261974583 0.013082583810302535 0.02737047898338221
0 0.48691741618969747 0.39589442815249265 0.02044153720359771 0.033235581622678395
0 0.5192150449713818 0.3812316715542522 0.017988552739165987 0.015640273704789834
0 0.5269828291087489 0.3807429130009775 0.013900245298446443 0.01857282502443793
