0 0.8520032706459526 0.5738025415444771 0.2927228127555192 0.260019550342131
0 0.08094848732624693 0.4951124144672532 0.16189697465249386 0.16911045943304007
0 0.17702371218315618 0.45650048875855326 0.13654946852003272 0.11730205278592376
0 0.714227309893704 0.48533724340175954 0.16598528209321342 0.13978494623655913
0 0.5834014717906787 0.41886608015640275 0.05478331970564186 0.05180840664711633
0 0.44071954210956665 0.40860215053763443 0.050695012264922325 0.05278592375366569
0 0.4693376941946034 0.386119257086999 0.022894521668029435 0.02346041055718475
0 0.5633687653311529 0.40762463343108507 0.032706459525756335 0.039100684261974585
0 0.37653311529026984 0.4056695992179863 0.04333605887162715 0.03714565004887586
0 0.5551921504497138 0.3993157380254154 0.03761242845461979 0.04398826979472141
2 0.4243663123466885 0.38025415444770283 0.07031888798037612 0.044965786901270774