0 0.8982011447260834 0.6862170087976539 0.2019623875715454 0.3655913978494624
0 0.7816843826655765 0.4995112414467253 0.23221586263287 0.18181818181818182
0 0.6717089125102208 0.45356793743890517 0.10874897792313983 0.12316715542521994
0 0.39574816026165166 0.41544477028348 0.07849550286181521 0.0801564027370479
0 0.49304987735077677 0.3724340175953079 0.016353229762878167 0.015640273704789834
0 0.5735895339329518 0.4046920821114369 0.044971381847914965 0.04887585532746823
0 0.6210139002452985 0.42179863147605084 0.06132461161079313 0.06549364613880743
0 0.5339329517579722 0.3817204301075269 0.019623875715453803 0.020527859237536656
0 0.5502861815208504 0.39296187683284456 0.022894521668029435 0.02932551319648094
0 0.44562551103843007 0.39638318670576733 0.027800490596892886 0.03421309872922776
0 0.6222403924775143 0.4340175953079179 0.035977105478331974 0.07038123167155426
0 0.4333605887162715 0.4032258064516129 0.022894521668029435 0.04594330400782014
1 0.32665576451349143 0.4046920821114369 0.018806214227309895 0.056695992179863146
1 0.3270645952575634 0.4120234604105572 0.019623875715453803 0.07135874877810362
2 0.47751430907604253 0.364613880742913 0.016353229762878167 0.02737047898338221