0 0.8197056418642682 0.5234604105571847 0.26901062959934585 0.20234604105571846
0 0.66107931316435 0.41055718475073316 0.033524121013900246 0.02737047898338221
0 0.5429272281275552 0.41055718475073316 0.027800490596892886 0.02737047898338221
0 0.570727718724448 0.4090909090909091 0.014717906786590351 0.01466275659824047
0 0.5964840556009812 0.4100684261974585 0.018806214227309895 0.022482893450635387
0 0.6390024529844645 0.41055718475073316 0.03025347506132461 0.02737047898338221
0 0.6222403924775143 0.4120234604105572 0.016353229762878167 0.024437927663734114
0 0.6112019623875715 0.4120234604105572 0.01553556827473426 0.020527859237536656
0 0.6026165167620605 0.41055718475073316 0.013082583810302535 0.021505376344086023
0 0.5846279640228945 0.41055718475073316 0.009811937857726901 0.017595307917888565
