0 0.6328699918233851 0.4452590420332356 0.08176614881439084 0.0635386119257087
0 0.5744071954210956 0.4418377321603128 0.06132461161079313 0.05474095796676442
0 0.5404742436631235 0.4418377321603128 0.03761242845461979 0.043010752688172046
0 0.3912510220768602 0.44819159335288367 0.056418642681929684 0.053763440860215055
0 0.48446443172526577 0.43255131964809385 0.02698282910874898 0.03225806451612903
0 0.4452166802943581 0.42961876832844575 0.022076860179885527 0.020527859237536656
0 0.5159443990188062 0.4393939393939394 0.032706459525756335 0.03616813294232649
0 0.5008176614881439 0.43548387096774194 0.033524121013900246 0.03421309872922776
0 0.46852003270645953 0.43206256109481916 0.022894521668029435 0.02737047898338221
0 0.36017988552739166 0.4340175953079179 0.013900245298446443 0.02737047898338221
0 0.42518397383483236 0.4252199413489736 0.016353229762878167 0.017595307917888565