0 0.5727718724448079 0.46187683284457476 0.0973017170891251 0.0772238514173998
0 0.5049059689288634 0.45698924731182794 0.07277187244480784 0.06549364613880743
0 0.46238757154538024 0.4560117302052786 0.04006541291905151 0.05180840664711633
0 0.3634505314799673 0.4364613880742913 0.025347506132461162 0.024437927663734114
0 0.2878168438266558 0.46529814271749753 0.06541291905151267 0.06647116324535679
0 0.4206868356500409 0.44623655913978494 0.03679476696647588 0.03812316715542522
0 0.3863450531479967 0.4413489736070381 0.02044153720359771 0.028347996089931573
0 0.4382665576451349 0.4521016617790811 0.04088307440719542 0.042033235581622676
0 0.34505314799672937 0.4345063538611926 0.016353229762878167 0.01857282502443793
0 0.4043336058871627 0.44330400782013685 0.03025347506132461 0.03812316715542522
