0 0.8340147179067866 0.5434995112414467 0.3107113654946852 0.2482893450635386
0 0.6794766966475879 0.4696969696969697 0.12919051512673754 0.12609970674486803
0 0.4885527391659853 0.4208211143695015 0.06132461161079313 0.053763440860215055
0 0.598119378577269 0.4252199413489736 0.06459525756336877 0.056695992179863146
0 0.4026982829108749 0.40127077223851415 0.03515944399018806 0.03421309872922776
0 0.5523303352412101 0.3978494623655914 0.033524121013900246 0.03519061583577713
0 0.57113654946852 0.41104594330400784 0.03515944399018806 0.042033235581622676
0 0.446443172526574 0.37976539589442815 0.022894521668029435 0.022482893450635387
0 0.5367947669664759 0.3890518084066471 0.02044153720359771 0.03128054740957967
2 0.4766966475878986 0.37976539589442815 0.035977105478331974 0.05767350928641251
