0 0.10220768601798855 0.532258064516129 0.2044153720359771 0.23949169110459434
0 0.8188879803761243 0.5601173020527859 0.3605887162714636 0.2776148582600195
0 0.21504497138184792 0.4838709677419355 0.1259198691741619 0.13294232649071358
0 0.6422730989370401 0.4916911045943304 0.14309076042518398 0.15053763440860216
0 0.5793131643499592 0.45405669599217985 0.09403107113654947 0.0967741935483871
0 0.9701553556827474 0.7458455522971652 0.056418642681929684 0.23069403714565004
0 0.36508585445625513 0.4051808406647116 0.053147996729354045 0.05180840664711633
0 0.552739165985282 0.4257086999022483 0.07031888798037612 0.07135874877810362
0 0.48814390842191335 0.39589442815249265 0.03107113654946852 0.03519061583577713
0 0.43417825020441536 0.36901270772238515 0.011447260834014717 0.010752688172043012
0 0.39411283728536384 0.3944281524926686 0.019623875715453803 0.026392961876832845
0 0.5057236304170074 0.40615835777126097 0.02044153720359771 0.04398826979472141
0 0.46197874080130824 0.3782991202346041 0.014717906786590351 0.021505376344086023
1 0.21749795584627965 0.40078201368523947 0.017988552739165987 0.03519061583577713
1 0.3180703188879804 0.40175953079178883 0.013082583810302535 0.04887585532746823