0 0.5703188879803761 0.4667644183773216 0.09893704006541292 0.07917888563049853
0 0.49959116925592806 0.4613880742913001 0.07358953393295176 0.06647116324535679
0 0.4570727718724448 0.45992179863147603 0.04088307440719542 0.05180840664711633
0 0.27718724448078497 0.4706744868035191 0.06541291905151267 0.06549364613880743
0 0.4296811120196239 0.45650048875855326 0.03515944399018806 0.04105571847507331
0 0.4157808667211774 0.45112414467253176 0.038430089942763694 0.04007820136852395
0 0.35731807031888796 0.44086021505376344 0.024529844644317254 0.02346041055718475
0 0.39615699100572366 0.4472140762463343 0.02698282910874898 0.03421309872922776
0 0.3814390842191333 0.4447702834799609 0.02044153720359771 0.02932551319648094
0 0.33892068683565 0.436950146627566 0.01553556827473426 0.017595307917888565
