0 0.5731807031888798 0.4628543499511241 0.09811937857726902 0.0772238514173998
0 0.5044971381847915 0.4579667644183773 0.07358953393295176 0.06549364613880743
0 0.4607522485690924 0.45698924731182794 0.04006541291905151 0.05180840664711633
0 0.28454619787408014 0.4667644183773216 0.06377759607522486 0.06549364613880743
0 0.3634505314799673 0.4389051808406647 0.023712183156173343 0.021505376344086023
0 0.42027800490596895 0.4472140762463343 0.03761242845461979 0.03812316715542522
0 0.43908421913327883 0.4521016617790811 0.04088307440719542 0.042033235581622676
0 0.38716271463614066 0.4423264907135875 0.022076860179885527 0.028347996089931573
0 0.40351594439901883 0.44330400782013685 0.03025347506132461 0.03812316715542522
0 0.3454619787408013 0.4340175953079179 0.018806214227309895 0.019550342130987292
