0 0.6459525756336877 0.41935483870967744 0.06050695012264922 0.0469208211143695
0 0.6050695012264923 0.4173998044965787 0.050695012264922325 0.043010752688172046
0 0.45666394112837283 0.4203323558162268 0.044971381847914965 0.043010752688172046
0 0.5760425183973835 0.41837732160312807 0.03025347506132461 0.03519061583577713
0 0.49509403107113653 0.4115347018572825 0.02044153720359771 0.019550342130987292
0 0.4215044971381848 0.4144672531769306 0.012264922322158627 0.02346041055718475
0 0.5560098119378577 0.4173998044965787 0.027800490596892886 0.03128054740957967
0 0.5322976287816844 0.41300097751710657 0.024529844644317254 0.028347996089931573
0 0.5143090760425184 0.41300097751710657 0.016353229762878167 0.022482893450635387
0 0.5449713818479149 0.4149560117302053 0.028618152085036794 0.030303030303030304
0 0.43417825020441536 0.4144672531769306 0.019623875715453803 0.02541544477028348
