0 0.5727718724448079 0.46187683284457476 0.0973017170891251 0.0772238514173998
0 0.5044971381847915 0.45698924731182794 0.07195421095666395 0.06549364613880743
0 0.4627964022894522 0.4560117302052786 0.04088307440719542 0.05180840664711633
0 0.36467702371218313 0.43841642228739003 0.024529844644317254 0.022482893450635387
0 0.2878168438266558 0.4662756598240469 0.06541291905151267 0.06451612903225806
0 0.4223221586263287 0.44574780058651026 0.04006541291905151 0.039100684261974585
0 0.40351594439901883 0.44379276637341153 0.028618152085036794 0.03714565004887586
0 0.38716271463614066 0.4423264907135875 0.02044153720359771 0.028347996089931573
0 0.34505314799672937 0.4345063538611926 0.016353229762878167 0.01857282502443793
0 0.4382665576451349 0.4525904203323558 0.03761242845461979 0.043010752688172046
