0 0.12387571545380213 0.5459433040078201 0.24775143090760426 0.2375366568914956
0 0.8536385936222404 0.6085043988269795 0.2910874897792314 0.30791788856304986
0 0.7068683565004088 0.49364613880742914 0.16598528209321342 0.14467253176930597
0 0.6439084219133279 0.4467253176930596 0.09893704006541292 0.09775171065493646
0 0.41128372853638595 0.40860215053763443 0.06050695012264922 0.06060606060606061
0 0.6054783319705642 0.427663734115347 0.0678659035159444 0.08113391984359726
0 0.01839738348323794 0.6593352883675464 0.03679476696647588 0.21212121212121213
0 0.5523303352412101 0.3998044965786901 0.033524121013900246 0.039100684261974585
0 0.49182338511856094 0.3709677419354839 0.013900245298446443 0.010752688172043012
0 0.9807849550286182 0.7805474095796676 0.033524121013900246 0.2570869990224829
0 0.5723630417007359 0.4144672531769306 0.019623875715453803 0.043010752688172046
0 0.44439901880621424 0.3939393939393939 0.023712183156173343 0.02932551319648094
0 0.5228945216680294 0.3787878787878788 0.01553556827473426 0.020527859237536656
1 0.1982829108748978 0.4115347018572825 0.03025347506132461 0.056695992179863146
1 0.3597710547833197 0.4046920821114369 0.014717906786590351 0.05474095796676442