0 0.7661488143908421 0.512218963831867 0.23221586263287 0.19550342130987292
0 0.4811937857726901 0.42179863147605084 0.06295993458708095 0.05571847507331378
0 0.5923957481602616 0.42130987292277616 0.059689288634505316 0.05278592375366569
0 0.6569910057236305 0.45894428152492667 0.10874897792313983 0.10850439882697947
0 0.9721995094031071 0.8123167155425219 0.05233033524121014 0.2854349951124145
0 0.40842191332788225 0.3978494623655914 0.03188879803761243 0.033235581622678395
0 0.5686835650040883 0.4095796676441838 0.033524121013900246 0.04105571847507331
0 0.5523303352412101 0.3939393939393939 0.033524121013900246 0.033235581622678395
0 0.5372035977105478 0.38758553274682306 0.02125919869174162 0.028347996089931573
0 0.4488961569910057 0.37732160312805474 0.02125919869174162 0.02346041055718475
2 0.4783319705641864 0.3729227761485826 0.032706459525756335 0.04398826979472141
