0 0.6418642681929682 0.44086021505376344 0.07849550286181521 0.06060606060606061
0 0.5870809484873263 0.43792766373411535 0.06050695012264922 0.05278592375366569
0 0.4071954210956664 0.44379276637341153 0.05560098119378577 0.05278592375366569
0 0.5134914145543745 0.43206256109481916 0.032706459525756335 0.033235581622678395
0 0.5511038430089943 0.43841642228739003 0.035977105478331974 0.042033235581622676
0 0.45829926410466065 0.42668621700879766 0.022076860179885527 0.022482893450635387
0 0.5286181520850368 0.4364613880742913 0.033524121013900246 0.03616813294232649
0 0.49672935404742435 0.43010752688172044 0.02698282910874898 0.033235581622678395
0 0.4807849550286182 0.4291300097751711 0.02125919869174162 0.02541544477028348
0 0.43908421913327883 0.4227761485826002 0.016353229762878167 0.016617790811339198
