0 0.8262469337694195 0.512218963831867 0.34423548650858543 0.26392961876832843
0 0.4243663123466885 0.4232649071358749 0.08994276369582993 0.07624633431085044
0 0.6398201144726083 0.4359726295210166 0.10874897792313983 0.11339198435972629
0 0.562551103843009 0.39296187683284456 0.04088307440719542 0.043010752688172046
0 0.6022076860179886 0.41348973607038125 0.07277187244480784 0.07429130009775171
0 0.5367947669664759 0.37194525904203324 0.028618152085036794 0.030303030303030304
0 0.40842191332788225 0.3758553274682307 0.033524121013900246 0.026392961876832845
0 0.4427636958299264 0.35777126099706746 0.02044153720359771 0.02346041055718475
0 0.5233033524121014 0.36119257086999024 0.017988552739165987 0.026392961876832845
0 0.5388389206868357 0.3734115347018573 0.03107113654946852 0.033235581622678395
0 0.4570727718724448 0.3411534701857282 0.014717906786590351 0.017595307917888565
2 0.47383483237939494 0.35386119257087 0.025347506132461162 0.043010752688172046
