0 0.8708094848732625 0.570869990224829 0.25511038430089944 0.28347996089931576
0 0.14677023712183157 0.5439882697947214 0.29354047424366314 0.2903225806451613
0 0.6300081766148814 0.4501466275659824 0.10057236304170074 0.09481915933528837
0 0.3883892068683565 0.42424242424242425 0.06050695012264922 0.05865102639296188
0 0.33442354865085855 0.447702834799609 0.08013082583810302 0.093841642228739
0 0.27555192150449714 0.45992179863147603 0.07522485690923958 0.12218963831867058
0 0.5654129190515127 0.41104594330400784 0.04987735077677841 0.047898338220918865
0 0.464022894521668 0.39051808406647115 0.025347506132461162 0.026392961876832845
0 0.5314799672935405 0.39296187683284456 0.029435813573180702 0.02932551319648094
0 0.6050695012264923 0.4232649071358749 0.06704824202780049 0.06060606060606061
0 0.9885527391659853 0.7160312805474096 0.019623875715453803 0.13196480938416422
2 0.45952575633687653 0.37194525904203324 0.016353229762878167 0.030303030303030304