0 0.6394112837285364 0.41544477028348 0.10629599345870809 0.10361681329423265
0 0.5637775960752248 0.3680351906158358 0.03188879803761243 0.03421309872922776
0 0.5964840556009812 0.3939393939393939 0.05478331970564186 0.06842619745845552
0 0.4382665576451349 0.35532746823069405 0.02616516762060507 0.024437927663734114
0 0.5461978740801309 0.34995112414467255 0.024529844644317254 0.02541544477028348
0 0.5821749795584628 0.38269794721407624 0.044153720359771054 0.04985337243401759
0 0.5376124284546198 0.34359726295210163 0.018806214227309895 0.022482893450635387
0 0.46361406377759606 0.33773216031280545 0.017988552739165987 0.01857282502443793
0 0.5547833197056419 0.3602150537634409 0.022076860179885527 0.026392961876832845
2 0.49591169255928047 0.3250244379276637 0.018806214227309895 0.030303030303030304
