0 0.6917416189697465 0.4970674486803519 0.24856909239574815 0.20039100684261973
0 0.535977105478332 0.4521016617790811 0.14309076042518398 0.13196480938416422
0 0.11488143908421913 0.458455522971652 0.1561733442354865 0.13098729227761485
0 0.4652493867538839 0.43548387096774194 0.06704824202780049 0.09286412512218964
0 0.2608340147179068 0.3919843597262952 0.050695012264922325 0.044965786901270774
0 0.1937857726901063 0.44086021505376344 0.06050695012264922 0.08797653958944282
0 0.42273098937040066 0.4027370478983382 0.05396565821749796 0.05474095796676442
0 0.3712183156173344 0.3841642228739003 0.02616516762060507 0.03128054740957967
0 0.43949304987735077 0.41837732160312807 0.06295993458708095 0.06842619745845552
0 0.4873262469337694 0.9452590420332356 0.9517579721995094 0.08993157380254155
0 0.28331970564186426 0.38220918866080156 0.01553556827473426 0.02541544477028348
0 0.40760425183973836 0.3973607038123167 0.04006541291905151 0.053763440860215055
0 0.3438266557645135 0.36950146627565983 0.013900245298446443 0.017595307917888565
1 0.16230580539656583 0.38563049853372433 0.01553556827473426 0.022482893450635387