3 0.3528209321340965 0.6612903225806451 0.4472608340147179 0.4291300097751711
0 0.5731807031888798 0.4628543499511241 0.09811937857726902 0.0772238514173998
0 0.5049059689288634 0.4574780058651026 0.07277187244480784 0.06451612903225806
0 0.46238757154538024 0.45650048875855326 0.04006541291905151 0.05083088954056696
0 0.28331970564186426 0.46187683284457476 0.0580539656582175 0.06549364613880743
0 0.42109566639411283 0.4467253176930596 0.03761242845461979 0.03714565004887586
0 0.3642681929681112 0.4389051808406647 0.023712183156173343 0.021505376344086023
0 0.43908421913327883 0.4525904203323558 0.04088307440719542 0.043010752688172046
0 0.3863450531479967 0.4423264907135875 0.02044153720359771 0.026392961876832845
0 0.34423548650858543 0.4345063538611926 0.016353229762878167 0.01857282502443793
0 0.4051512673753066 0.4442815249266862 0.028618152085036794 0.04007820136852395
