0 0.09443990188062143 0.4555229716520039 0.18887980376124286 0.15053763440860216
0 0.6406377759607522 0.41397849462365593 0.06950122649223221 0.053763440860215055
0 0.5919869174161897 0.41055718475073316 0.05560098119378577 0.04887585532746823
0 0.42886345053147995 0.41642228739002934 0.0482420278004906 0.0469208211143695
0 0.5576451349141456 0.4115347018572825 0.027800490596892886 0.03714565004887586
0 0.473017170891251 0.40420332355816224 0.02044153720359771 0.020527859237536656
0 0.491005723630417 0.9457478005865103 0.9509403107113655 0.08895405669599218
0 0.5269828291087489 0.40762463343108507 0.03188879803761243 0.033235581622678395
0 0.5400654129190515 0.41104594330400784 0.03188879803761243 0.03421309872922776
0 0.39452166802943583 0.40860215053763443 0.013900245298446443 0.02737047898338221
0 0.4946852003270646 0.4046920821114369 0.019623875715453803 0.02541544477028348
0 0.5106295993458708 0.40615835777126097 0.025347506132461162 0.030303030303030304
0 0.4071954210956664 0.40811339198435975 0.017988552739165987 0.028347996089931573
