0 0.9182338511856092 0.6177908113391984 0.15862632869991825 0.26392961876832843
0 0.8450531479967294 0.5234604105571847 0.285363859362224 0.21212121212121213
0 0.19623875715453803 0.5048875855327468 0.2714636140637776 0.22971652003910067
0 0.6185609157808667 0.4413489736070381 0.08912510220768602 0.08308895405669599
0 0.39860997547015536 0.41593352883675466 0.05478331970564186 0.053763440860215055
0 0.35486508585445625 0.4364613880742913 0.06704824202780049 0.08308895405669599
0 0.5335241210139002 0.39100684261974583 0.028618152085036794 0.02737047898338221
0 0.4693376941946034 0.3866080156402737 0.024529844644317254 0.022482893450635387
0 0.31766148814390843 0.44574780058651026 0.04006541291905151 0.10557184750733138
0 0.5989370400654129 0.41642228739002934 0.06132461161079313 0.05474095796676442
0 0.5654129190515127 0.4071358748778104 0.0482420278004906 0.042033235581622676
2 0.4627964022894522 0.3680351906158358 0.016353229762878167 0.028347996089931573