0 0.7097301717089125 0.45454545454545453 0.18806214227309895 0.1603128054740958
0 0.27023712183156173 0.4921798631476051 0.21668029435813574 0.15151515151515152
0 0.6181520850367948 0.4173998044965787 0.07522485690923958 0.08602150537634409
0 0.5654129190515127 0.38220918866080156 0.03679476696647588 0.03714565004887586
0 0.4260016353229763 0.36852394916911047 0.029435813573180702 0.02737047898338221
0 0.5858544562551103 0.3998044965786901 0.038430089942763694 0.056695992179863146
0 0.544153720359771 0.36363636363636365 0.025347506132461162 0.02932551319648094
0 0.45502861815208506 0.35043988269794724 0.02044153720359771 0.020527859237536656
0 0.5551921504497138 0.37487781036168133 0.024529844644317254 0.030303030303030304
2 0.48691741618969747 0.34408602150537637 0.023712183156173343 0.03714565004887586
