0 0.5282093213409649 0.41397849462365593 0.032706459525756335 0.03225806451612903
0 0.5588716271463614 0.4090909090909091 0.01553556827473426 0.016617790811339198
0 0.5081766148814391 0.4115347018572825 0.018806214227309895 0.02346041055718475
0 0.5739983646770237 0.41055718475073316 0.011447260834014717 0.019550342130987292
0 0.5874897792313982 0.41055718475073316 0.02044153720359771 0.02346041055718475
0 0.5977105478331971 0.41104594330400784 0.022894521668029435 0.024437927663734114
0 0.6062959934587081 0.4125122189638319 0.018806214227309895 0.02346041055718475
0 0.6185609157808667 0.41300097751710657 0.02044153720359771 0.026392961876832845
0 0.6398201144726083 0.4115347018572825 0.033524121013900246 0.03128054740957967
0 0.6680294358135732 0.4115347018572825 0.04088307440719542 0.033235581622678395
