0 0.8466884709730171 0.5332355816226784 0.30498773507767785 0.22580645161290322
0 0.6950122649223222 0.46480938416422285 0.13082583810302534 0.14173998044965788
0 0.9591169255928046 0.772238514173998 0.08013082583810302 0.25806451612903225
0 0.383892068683565 0.4203323558162268 0.08585445625511039 0.08797653958944282
0 0.5764513491414555 0.40811339198435975 0.047424366312346686 0.05180840664711633
0 0.6308258381030254 0.42668621700879766 0.06950122649223221 0.06940371456500488
0 0.6647587898609976 0.4359726295210166 0.10302534750613246 0.08797653958944282
0 0.4897792313982011 0.37438905180840665 0.016353229762878167 0.015640273704789834
0 0.5331152902698283 0.38220918866080156 0.019623875715453803 0.02346041055718475
0 0.5506950122649223 0.3949169110459433 0.025347506132461162 0.03128054740957967
0 0.4427636958299264 0.4002932551319648 0.028618152085036794 0.03616813294232649
0 0.5482420278004906 0.39540566959921797 0.022076860179885527 0.030303030303030304
0 0.4276369582992641 0.4066471163245357 0.02616516762060507 0.05083088954056696
1 0.3070318887980376 0.41642228739002934 0.025347506132461162 0.07820136852394917
2 0.4758789860997547 0.36608015640273706 0.014717906786590351 0.026392961876832845