0 0.651267375306623 0.41300097751710657 0.053147996729354045 0.042033235581622676
0 0.6144726083401472 0.41055718475073316 0.04333605887162715 0.039100684261974585
0 0.4807849550286182 0.4149560117302053 0.04088307440719542 0.03812316715542522
0 0.5151267375306623 0.4066471163245357 0.019623875715453803 0.019550342130987292
0 0.4599345870809485 0.4090909090909091 0.022076860179885527 0.024437927663734114
0 0.5895339329517579 0.4125122189638319 0.02616516762060507 0.033235581622678395
0 0.5723630417007359 0.4125122189638319 0.024529844644317254 0.02737047898338221
0 0.5613246116107932 0.40860215053763443 0.02698282910874898 0.02737047898338221
0 0.5486508585445625 0.40811339198435975 0.02125919869174162 0.026392961876832845
0 0.5322976287816844 0.40811339198435975 0.013082583810302535 0.020527859237536656
0 0.4448078495502862 0.4100684261974585 0.011447260834014717 0.022482893450635387