0 0.09771054783319706 0.4965786901270772 0.19542109566639412 0.16226783968719452
0 0.9161896974652494 0.6818181818181818 0.1643499591169256 0.4056695992179863
0 0.223221586263287 0.45992179863147603 0.1439084219133279 0.11436950146627566
0 0.30130825838103026 0.43792766373411535 0.0874897792313982 0.08797653958944282
0 0.7048242027800491 0.45698924731182794 0.11283728536385937 0.10068426197458455
0 0.6214227309893704 0.41300097751710657 0.04905968928863451 0.04594330400782014
0 0.4987735077677841 0.40371456500488756 0.04088307440719542 0.043010752688172046
0 0.5208503679476697 0.38563049853372433 0.019623875715453803 0.020527859237536656
0 0.4362224039247751 0.40175953079178883 0.03515944399018806 0.033235581622678395
0 0.7808667211774325 0.4975562072336266 0.18969746524938674 0.1544477028347996
0 0.6054783319705642 0.4046920821114369 0.03188879803761243 0.03519061583577713
0 0.7808667211774325 0.4975562072336266 0.18969746524938674 0.1544477028347996
0 0.5989370400654129 0.39833822091886606 0.033524121013900246 0.042033235581622676
2 0.4746524938675388 0.3778103616813294 0.059689288634505316 0.04007820136852395