0 0.8650858544562551 0.6432062561094819 0.26819296811120197 0.46529814271749753
0 0.6917416189697465 0.4706744868035191 0.15372035977105478 0.13587487781036167
0 0.46116107931316436 0.426197458455523 0.07195421095666395 0.06256109481915934
0 0.580130825838103 0.4120234604105572 0.0482420278004906 0.04594330400782014
0 0.6271463614063778 0.4398826979472141 0.0866721177432543 0.08797653958944282
0 0.5486508585445625 0.3885630498533724 0.03107113654946852 0.03225806451612903
0 0.4157808667211774 0.39100684261974583 0.02698282910874898 0.03128054740957967
0 0.562551103843009 0.40175953079178883 0.03107113654946852 0.03519061583577713
0 0.5637775960752248 0.4022482893450635 0.03025347506132461 0.03616813294232649
0 0.4513491414554375 0.3724340175953079 0.019623875715453803 0.021505376344086023
2 0.47996729354047424 0.3709677419354839 0.029435813573180702 0.04594330400782014
