0 0.33524121013900243 0.5073313782991202 0.28454619787408014 0.18963831867057673
0 0.5335241210139002 0.416911045943304 0.12510220768601799 0.059628543499511244
0 0.7244480784955029 0.396871945259042 0.04088307440719542 0.033235581622678395
0 0.8176614881439084 0.38514173998044965 0.019623875715453803 0.011730205278592375
0 0.7448896156991006 0.3919843597262952 0.032706459525756335 0.033235581622678395
0 0.8385118560915781 0.3787878787878788 0.018806214227309895 0.01857282502443793
0 0.7784137367130008 0.3817204301075269 0.016353229762878167 0.01466275659824047
0 0.758789860997547 0.3895405669599218 0.017988552739165987 0.026392961876832845
0 0.7436631234668847 0.3939393939393939 0.023712183156173343 0.02932551319648094
0 0.7869991823385118 0.3807429130009775 0.013900245298446443 0.016617790811339198
