0 0.8777596075224857 0.6695992179863147 0.2428454619787408 0.396871945259042
0 0.10220768601798855 0.47409579667644186 0.18315617334423548 0.14076246334310852
0 0.7510220768601799 0.509286412512219 0.21995094031071136 0.1739980449657869
0 0.037203597710547834 0.5102639296187683 0.07440719542109567 0.1466275659824047
0 0.5760425183973835 0.42179863147605084 0.059689288634505316 0.05571847507331378
0 0.5547833197056419 0.4090909090909091 0.03679476696647588 0.04007820136852395
0 0.3565004088307441 0.40811339198435975 0.044153720359771054 0.03812316715542522
0 0.45829926410466065 0.38758553274682306 0.018806214227309895 0.024437927663734114
0 0.42109566639411283 0.41544477028348 0.058871627146361405 0.05865102639296188
0 0.5449713818479149 0.4002932551319648 0.038430089942763694 0.04398826979472141
2 0.41618969746524936 0.38220918866080156 0.07522485690923958 0.04887585532746823