0 0.5686835650040883 0.46725317693059626 0.10220768601798855 0.0801564027370479
0 0.4975470155355683 0.46187683284457476 0.07440719542109567 0.06744868035190615
0 0.45461978740801307 0.45992179863147603 0.04251839738348324 0.05180840664711633
0 0.2722812755519215 0.4687194525904203 0.06704824202780049 0.06744868035190615
0 0.4276369582992641 0.4555229716520039 0.035977105478331974 0.043010752688172046
0 0.35404742436631237 0.43792766373411535 0.024529844644317254 0.02541544477028348
0 0.410466067048242 0.44868035190615835 0.03761242845461979 0.03714565004887586
0 0.39411283728536384 0.4472140762463343 0.02616516762060507 0.03616813294232649
0 0.37816843826655766 0.44379276637341153 0.022076860179885527 0.03128054740957967
0 0.33524121013900243 0.43304007820136853 0.016353229762878167 0.021505376344086023
