0 0.8900245298446443 0.7487781036168133 0.21668029435813574 0.4125122189638319
0 0.679067865903516 0.49022482893450636 0.16107931316434995 0.14565004887585534
0 0.5735895339329518 0.426197458455523 0.08421913327882256 0.07820136852394917
0 0.4668847097301717 0.4066471163245357 0.044153720359771054 0.04105571847507331
0 0.5335241210139002 0.4095796676441838 0.038430089942763694 0.05278592375366569
0 0.38716271463614066 0.3914956011730205 0.03679476696647588 0.03616813294232649
0 0.42518397383483236 0.3704789833822092 0.024529844644317254 0.019550342130987292
0 0.5032706459525756 0.3724340175953079 0.023712183156173343 0.02346041055718475
0 0.5188062142273099 0.39296187683284456 0.028618152085036794 0.03519061583577713
0 0.44071954210956665 0.3680351906158358 0.013082583810302535 0.01466275659824047
0 0.4578904333605887 0.36852394916911047 0.014717906786590351 0.011730205278592375
2 0.20605069501226492 0.4530791788856305 0.33197056418642684 0.38220918866080156