0 0.8160261651676206 0.5234604105571847 0.24529844644317253 0.19648093841642228
0 0.14431725265739984 0.4662756598240469 0.19051512673753065 0.13685239491691104
0 0.24938675388389206 0.4398826979472141 0.10629599345870809 0.09970674486803519
0 0.051103843008994274 0.4995112414467253 0.10220768601798855 0.15053763440860216
0 0.7097301717089125 0.4638318670576735 0.1357318070318888 0.11632453567937438
0 0.6042518397383483 0.41104594330400784 0.05233033524121014 0.04985337243401759
0 0.9758789860997547 0.7463343108504399 0.044971381847914965 0.23362658846529813
0 0.5850367947669665 0.40175953079178883 0.03025347506132461 0.03519061583577713
0 0.4088307440719542 0.39833822091886606 0.04088307440719542 0.03421309872922776
0 0.473017170891251 0.40127077223851415 0.044971381847914965 0.047898338220918865
0 0.49591169255928047 0.38025415444770283 0.025347506132461162 0.02346041055718475
0 0.5793131643499592 0.3944281524926686 0.03515944399018806 0.042033235581622676
2 0.45339329517579724 0.37390029325513197 0.07113654946852004 0.04398826979472141