0 0.8066230580539656 0.4628543499511241 0.35404742436631237 0.1710654936461388
0 0.588716271463614 0.4198435972629521 0.058871627146361405 0.05180840664711633
0 0.6300081766148814 0.4237536656891496 0.05151267375306623 0.05767350928641251
0 0.553556827473426 0.4208211143695015 0.032706459525756335 0.04007820136852395
0 0.41496320523303354 0.4257086999022483 0.053147996729354045 0.05180840664711633
0 0.4856909239574816 0.4120234604105572 0.02125919869174162 0.026392961876832845
0 0.46361406377759606 0.41055718475073316 0.02125919869174162 0.019550342130987292
0 0.5322976287816844 0.41935483870967744 0.03107113654946852 0.03519061583577713
0 0.517988552739166 0.41544477028348 0.03188879803761243 0.033235581622678395
0 0.5020441537203598 0.4125122189638319 0.02616516762060507 0.033235581622678395
