0 0.8638593622240393 0.6143695014662757 0.26901062959934585 0.30791788856304986
0 0.7375306623058054 0.4789833822091887 0.17988552739165986 0.14858260019550343
0 0.6541291905151267 0.44281524926686217 0.09811937857726902 0.10948191593352884
0 0.5727718724448079 0.4002932551319648 0.04333605887162715 0.04594330400782014
0 0.4055600981193786 0.4100684261974585 0.07195421095666395 0.07331378299120235
0 0.615290269828291 0.41642228739002934 0.056418642681929684 0.06060606060606061
0 0.53556827473426 0.3787878787878788 0.017988552739165987 0.022482893450635387
0 0.4983646770237122 0.36901270772238515 0.01553556827473426 0.016617790811339198
0 0.4509403107113655 0.3924731182795699 0.02698282910874898 0.03225806451612903
0 0.5511038430089943 0.39100684261974583 0.022894521668029435 0.02932551319648094
0 0.4419460343417825 0.4002932551319648 0.01553556827473426 0.04007820136852395
1 0.01839738348323794 0.47702834799608995 0.03679476696647588 0.19941348973607037
1 0.34587080948487325 0.4071358748778104 0.017988552739165987 0.06158357771260997