0 0.7759607522485691 0.4838709677419355 0.2796402289452167 0.22287390029325513
0 0.40351594439901883 0.4291300097751711 0.10384300899427637 0.08602150537634409
0 0.6279640228945217 0.4232649071358749 0.0964840556009812 0.10361681329423265
0 0.5609157808667212 0.3836754643206256 0.04088307440719542 0.04007820136852395
0 0.5964840556009812 0.40420332355816224 0.06623058053965658 0.06744868035190615
0 0.5376124284546198 0.36412512218963833 0.02698282910874898 0.030303030303030304
0 0.4125102207686018 0.3709677419354839 0.03188879803761243 0.030303030303030304
0 0.5498773507767785 0.37487781036168133 0.028618152085036794 0.028347996089931573
0 0.5143090760425184 0.33479960899315736 0.016353229762878167 0.01857282502443793
0 0.44562551103843007 0.3509286412512219 0.017988552739165987 0.021505376344086023
2 0.47547015535568277 0.34750733137829914 0.025347506132461162 0.042033235581622676
