0 0.8605887162714636 0.6070381231671554 0.27555192150449714 0.3304007820136852
0 0.6762060506950123 0.5087976539589443 0.21259198691741618 0.176930596285435
0 0.1418642681929681 0.5058651026392962 0.205233033524121 0.1652003910068426
0 0.24488961569910056 0.4780058651026393 0.08585445625511039 0.10166177908113393
0 0.5739983646770237 0.47751710654936463 0.0964840556009812 0.11241446725317693
0 0.5351594439901881 0.4550342130987292 0.07277187244480784 0.07917888563049853
0 0.34505314799672937 0.41935483870967744 0.05233033524121014 0.0469208211143695
0 0.4591169255928046 0.4115347018572825 0.028618152085036794 0.03128054740957967
0 0.3695829926410466 0.4090909090909091 0.019623875715453803 0.026392961876832845
0 0.49672935404742435 0.4281524926686217 0.04333605887162715 0.056695992179863146
0 0.4063777596075225 0.3831867057673509 0.011447260834014717 0.011730205278592375
0 0.5159443990188062 0.43304007820136853 0.06050695012264922 0.06060606060606061
0 0.43540474243663124 0.396871945259042 0.01553556827473426 0.019550342130987292
0 0.44562551103843007 0.40420332355816224 0.016353229762878167 0.022482893450635387
1 0.22812755519215044 0.41348973607038125 0.016353229762878167 0.02737047898338221
1 0.9877350776778414 0.5185728250244379 0.022894521668029435 0.06549364613880743
1 0.30376124284546197 0.41886608015640275 0.013900245298446443 0.04398826979472141