0 0.5727718724448079 0.46187683284457476 0.0973017170891251 0.0772238514173998
0 0.5049059689288634 0.45650048875855326 0.07277187244480784 0.06451612903225806
0 0.46238757154538024 0.4560117302052786 0.04006541291905151 0.05180840664711633
0 0.3634505314799673 0.43743890518084066 0.025347506132461162 0.024437927663734114
0 0.2878168438266558 0.46480938416422285 0.06541291905151267 0.06940371456500488
0 0.4223221586263287 0.44574780058651026 0.038430089942763694 0.039100684261974585
0 0.40351594439901883 0.44330400782013685 0.028618152085036794 0.03812316715542522
0 0.4386753883892069 0.4525904203323558 0.038430089942763694 0.04105571847507331
0 0.3863450531479967 0.4413489736070381 0.02044153720359771 0.028347996089931573
0 0.34505314799672937 0.4345063538611926 0.016353229762878167 0.01857282502443793
