0 0.875306623058054 0.6060606060606061 0.24775143090760426 0.3304007820136852
0 0.6663941128372853 0.40860215053763443 0.03761242845461979 0.03128054740957967
0 0.5670482420278005 0.40615835777126097 0.01553556827473426 0.016617790811339198
0 0.5376124284546198 0.40860215053763443 0.03025347506132461 0.02737047898338221
0 0.6026165167620605 0.40860215053763443 0.019623875715453803 0.02346041055718475
0 0.5915780866721178 0.4071358748778104 0.018806214227309895 0.020527859237536656
0 0.5192150449713818 0.40615835777126097 0.017988552739165987 0.022482893450635387
0 0.6099754701553557 0.4095796676441838 0.016353229762878167 0.02346041055718475
0 0.5829926410466068 0.40762463343108507 0.013082583810302535 0.017595307917888565
0 0.6242845461978741 0.4095796676441838 0.022076860179885527 0.02541544477028348
0 0.6398201144726083 0.4071358748778104 0.03188879803761243 0.030303030303030304
