0 0.526573998364677 0.48778103616813295 0.1259198691741619 0.10166177908113393
0 0.44071954210956665 0.4755620723362659 0.08994276369582993 0.08113391984359726
0 0.16639411283728536 0.4838709677419355 0.0874897792313982 0.08211143695014662
0 0.39043336058871625 0.4701857282502444 0.04660670482420278 0.06256109481915934
0 0.20400654129190515 0.4472140762463343 0.04006541291905151 0.03812316715542522
0 0.3475061324611611 0.45405669599217985 0.044153720359771054 0.04398826979472141
0 0.3654946852003271 0.4638318670576735 0.04578904333605887 0.05180840664711633
0 0.28986099754701555 0.4413489736070381 0.025347506132461162 0.026392961876832845
0 0.3107113654946852 0.4472140762463343 0.017988552739165987 0.03225806451612903
0 0.32910874897792314 0.4506353861192571 0.03188879803761243 0.043010752688172046
0 0.27309893704006544 0.43548387096774194 0.017988552739165987 0.020527859237536656
