0 0.616107931316435 0.4467253176930596 0.08258381030253475 0.06451612903225806
0 0.3695829926410466 0.4496578690127077 0.05723630417007359 0.056695992179863146
0 0.5572363041700736 0.44330400782013685 0.06295993458708095 0.05571847507331378
0 0.5188062142273099 0.44379276637341153 0.033524121013900246 0.043010752688172046
0 0.42518397383483236 0.4305962854349951 0.024529844644317254 0.022482893450635387
0 0.49672935404742435 0.44086021505376344 0.033524121013900246 0.03714565004887586
0 0.4811937857726901 0.4364613880742913 0.033524121013900246 0.03616813294232649
0 0.3401471790678659 0.43499511241446726 0.016353229762878167 0.02737047898338221
0 0.46565821749795583 0.4345063538611926 0.025347506132461162 0.03421309872922776
0 0.4488961569910057 0.43304007820136853 0.02125919869174162 0.02541544477028348
