0 0.5543744889615699 0.48484848484848486 0.11447260834014718 0.09188660801564028
0 0.4746524938675388 0.4755620723362659 0.08258381030253475 0.07526881720430108
0 0.4268192968111202 0.47214076246334313 0.044153720359771054 0.056695992179863146
0 0.22485690923957483 0.4858260019550342 0.07686017988552739 0.07624633431085044
0 0.38430089942763695 0.458455522971652 0.04088307440719542 0.043010752688172046
0 0.32542927228127555 0.447702834799609 0.024529844644317254 0.02541544477028348
0 0.4002452984464432 0.46774193548387094 0.04006541291905151 0.04594330400782014
0 0.3687653311529027 0.4555229716520039 0.032706459525756335 0.043010752688172046
0 0.3107113654946852 0.44330400782013685 0.019623875715453803 0.020527859237536656
0 0.24202780049059688 0.45405669599217985 0.047424366312346686 0.03812316715542522
0 0.3491414554374489 0.4525904203323558 0.02125919869174162 0.033235581622678395
