0 0.7908507352565413 0.5386909194006598 0.24517986955744073 0.20407065711296432
0 0.14054398992855044 0.674754018774247 0.2810879798571009 0.46589993265250795
0 0.37047571289861 0.470754151703209 0.1315415913417314 0.11930681603395345
0 0.9602389144585548 0.75775280725921 0.07918280962540883 0.3639683877268145
0 0.6425868086608238 0.45619723710612936 0.08423340642247547 0.07775064507537573
0 0.4503757479925772 0.432932819206111 0.0577976978517222 0.06369674846690188
0 0.48770291319852566 0.4171740997105633 0.034530776890203396 0.040826970880681816
0 0.6140768529934076 0.443013404704492 0.05373399411667008 0.06105171270734054
0 0.5275339920405765 0.4101983272668087 0.027519120023763288 0.025508727729029203
0 0.5935853597870248 0.42323347969838254 0.0383248878909444 0.037203731891113756
0 0.5822761641694987 0.41592131285606826 0.025953416052355887 0.03168682199069831