0 0.17026426312334694 0.5488152527273109 0.3399605654783163 0.2640328057700238
0 0.8580928624699765 0.7032159859367363 0.2831684901688982 0.547118782647544
0 0.39473590242599527 0.44857291392217286 0.12757348273488603 0.10140221559407074
0 0.7522508647728434 0.5163924141713252 0.17409841641966475 0.21585080024667033
0 0.4734966437151855 0.4263577279457249 0.057433582970283115 0.059979689552404084
0 0.6466573495311222 0.4403013674977471 0.06472521303914554 0.072011610163505
0 0.6672060351243101 0.4678910927572092 0.07131621141659852 0.11042470922684507
0 0.5104308233627606 0.41466003895272024 0.03595494717140229 0.04169372379605022
0 0.536104615555371 0.40708510174196605 0.026377068907144318 0.030939036916544475
0 0.6220957646093112 0.4232874149684216 0.04005363508023303 0.04539932743195565
0 0.5721197993854763 0.4028998530621869 0.02295870090837081 0.02263900145291117