0 0.7368329251680039 0.43477792450875946 0.09732746863501636 0.09105290835204362
0 0.5217929693488732 0.45471476296642077 0.09299666747048753 0.10096315624427236
0 0.5932308268761498 0.403452078035267 0.028909204440923958 0.035911761420912756
0 0.5697655541333427 0.41001784696606947 0.04098672937001738 0.04834470627711083
0 0.6111247576559945 0.3984707024090451 0.021664336384658627 0.028701797142289834
0 0.5382181137970794 0.4137578462692067 0.06124231645735384 0.04741396489148033
0 0.6262649698327627 0.3946710849437546 0.019379335841680296 0.023938638606961753
0 0.6543928943300286 0.3932040336661092 0.01987360582328291 0.018012023508140886
0 0.6875805983461519 0.40540293584471226 0.025559607043387163 0.03875099995036046
0 0.7121324515791088 0.41449275907067146 0.05829181811503475 0.05372143817204301
0 0.6912868496636728 0.41437307527454487 0.019929650369864063 0.05034744098622312