0 0.6350497404084474 0.5036031922520314 0.2196035938777596 0.19939565052617914
0 0.10845041856206253 0.6442017317517412 0.21669236390881136 0.3970784982511608
0 0.2307672196495075 0.4722559864569969 0.15734068526660236 0.14340645500175647
0 0.3310317930781442 0.4303463127606076 0.08438384835094287 0.07616969730380926
0 0.38459922559711646 0.416474596845789 0.04574420270818428 0.0498382478865011
0 0.4365253089786258 0.4022344028029157 0.025080458609081153 0.028544913522192693
0 0.5600346388235895 0.4476801479783343 0.09195647469720973 0.10138073694671004
0 0.47090594337694197 0.3992837139588297 0.02141879838895135 0.020375032695274315
0 0.4134818425650296 0.40805465385011913 0.031316474920789046 0.036964215141587244
0 0.5083850476942585 0.41358817987078444 0.031933364181955234 0.03940526341413123
0 0.5219064308596943 0.44010695590767807 0.034831960183718313 0.07603080205087671
0 0.5136265103581101 0.42806890493264294 0.032409618062653314 0.050960775694189886
0 0.5170012105222813 0.4248004514334372 0.037731903650091984 0.05302905010920699