0 0.4369703590723694 0.47371680296061675 0.10873098677528363 0.11929565906990774
0 0.6790301618474678 0.4472837923558926 0.10843322204939186 0.10011656939225928
0 0.4945330865443581 0.4189916109176442 0.04533669447567457 0.0525958973874328
0 0.45929623819820625 0.4298816729384317 0.06935011083145952 0.06422688324780058
0 0.5209844656294715 0.4112190850668988 0.030406686778158217 0.038123346144153226
0 0.5386826147920074 0.40540184699661685 0.022877553595155357 0.03042035741423815
0 0.5547100575557032 0.4008331746299945 0.019693943875204414 0.023654851978708456
0 0.5828646319086008 0.399321301591711 0.020475074100572362 0.0187622249301228
0 0.6502441755592677 0.42716994896196087 0.060526163969874286 0.06478959397719636
0 0.616278859697593 0.40947258763765426 0.025731184203802125 0.034414669868417035
0 0.6264912191220998 0.42432847307341304 0.021469552889283525 0.055196633436812685