0 0.21763420260937022 0.5428947083295149 0.3164105356860531 0.23896069121151026
0 0.8738012805105912 0.6520081163035344 0.25175864094120504 0.3627166598889602
0 0.7210368470685558 0.4972774621212121 0.14779181492104457 0.13482373667369257
0 0.4147899562183795 0.45775964462861984 0.10253422160862122 0.09467781790307307
0 0.6386976265458912 0.4487887295809659 0.06743251897230172 0.06544860064225928
0 0.4753056399079492 0.4312184055063615 0.04996763090568786 0.055470665179389665
0 0.5071648935363221 0.41887737136199443 0.03041142785734362 0.03777291604617241
0 0.5455087956501048 0.4128137851390671 0.024692588425618358 0.023801443746945258
0 0.6054735908913788 0.4240749802873748 0.033072470838869585 0.03466009324596774
0 0.618482139007244 0.43956635028619107 0.04588850618675899 0.05201630205469514
0 0.5940078897546377 0.41725221337461055 0.02267837836327167 0.02972940126122617