0 0.16889016626315925 0.5924201734138258 0.3377803325263185 0.3394601174929741
0 0.8276296570373186 0.5491578669841688 0.22725474746716579 0.26176018589053335
0 0.4079280176420048 0.4568907438485154 0.13885188629075532 0.1108479579056696
0 0.9043504741478434 0.7194862104697428 0.19025840977616518 0.5185721687324353
0 0.49293681508872905 0.43179431665444773 0.06003648534916701 0.06469738495081867
0 0.7113169360531224 0.4823764566102685 0.09295689231142681 0.12369126425227578
0 0.6783438282527596 0.4491595942253941 0.07158540490213613 0.07708083942372312
0 0.5310549420210932 0.41855253665211845 0.03671386918374387 0.04355997960005804
0 0.6489073908533703 0.4292881761478189 0.04488100190681214 0.048463345972324046
0 0.5567441551975802 0.4109308684676274 0.025864683012443785 0.03214885156059079
0 0.5929627313247394 0.4072514717646475 0.022948420252452983 0.022197108114919355
0 0.6369578251561862 0.41066991781792217 0.030019066125178864 0.026555125664406157
0 0.6376466790087771 0.41107189666956867 0.0288670337892222 0.025897819392259287