0 0.5550464995065285 0.45065507487933776 0.08684833617066129 0.09500381603968108
0 0.7608246323717294 0.43396959649735767 0.09245333979584015 0.08586787338480571
0 0.9741013309357114 0.6282287776644978 0.05165061420431316 0.2794647664268695
0 0.6003870617046965 0.41018418715729627 0.04207533105708299 0.04708850372105633
0 0.6251879214070805 0.40416221581363027 0.027581253114140433 0.03573569617546432
0 0.5705900278036846 0.4141456253484314 0.05783168390356705 0.046997159806864
0 0.6869651314087413 0.39438176458066043 0.01951433183322261 0.018407976405944527
0 0.6577523731347097 0.3959406519915002 0.01966669514641251 0.022870612866950756
0 0.6426269331625614 0.39969623822970124 0.021279660191383894 0.02773311014632209
0 0.7181549696091833 0.41031839887184596 0.025031101479456256 0.044593699167201246
0 0.7388736353676921 0.41406767575738485 0.05570817948947261 0.049787057110291424