0 0.5882017146537076 0.44964574252638534 0.1355162626002913 0.12351788383774744
0 0.26452571840824307 0.4968963802035603 0.16161515492449408 0.17155010562721468
0 0.31899444255688497 0.43590233169809234 0.09285146568217242 0.09043617285824475
0 0.3713871604189557 0.4136935147372159 0.05682405485837848 0.05957281834219208
0 0.40508117426250767 0.40388429106621915 0.03540173808961059 0.04242244657067143
0 0.4270513975902941 0.39703410904661535 0.026040127895352105 0.03193224536824902
0 0.444068166338218 0.3918209728490805 0.022387226195191127 0.025433104991446725
0 0.4751544992941282 0.38942671521318273 0.02054534188470973 0.019072830036122312
0 0.5496703901938114 0.41898943322145343 0.0688550423523099 0.06885213096820014
0 0.5102879172548932 0.40038626960761853 0.027139783782834218 0.03894925979808162
0 0.5197961266081741 0.4149938081832692 0.027215341613220565 0.0573294332882759