0 0.10191928037881656 0.6245172524848408 0.20362615363576425 0.3430390866038154
0 0.31471186315828137 0.46030286563340056 0.14373834193581358 0.11755585880223607
0 0.6522609308325454 0.4360156464786474 0.05744655855542212 0.07632264317189028
0 0.38073388611987685 0.4421715312223164 0.06365203233595666 0.08448927237024988
0 0.44071209362463587 0.4124227991784656 0.04508199871122496 0.04646932204797471
0 0.4910130348735819 0.3963036858790781 0.031914998738373876 0.030123086968475075
0 0.4582582163401344 0.404206351450811 0.04530500410427739 0.046370221955568794
0 0.5159558275149478 0.38612593933284456 0.02968494480784955 0.025525164860551074
0 0.5464591574493434 0.3797149210731305 0.020734236460675595 0.018229584307032014
0 0.5747281165758509 0.38126943817586145 0.024635196414426616 0.022532652317021017
0 0.38386303581181647 0.42264682922661595 0.09414073978402239 0.07711973964060972
0 0.392500633308367 0.424549688225501 0.07658337572024479 0.07416624663978495