0 0.8163842414113603 0.48148339235188325 0.3389800750907093 0.1520976703304466
0 0.6576519371151242 0.4239602186812683 0.09810186153733136 0.05668173274453201
0 0.6808109610956025 0.43864928662252567 0.10804215787574101 0.06744665181298876
0 0.5322867492526063 0.392527053549609 0.023354855503883894 0.019389371601600685
0 0.7125715753238706 0.44995226072309535 0.13563299296044562 0.10318386939264113
0 0.4884847171561989 0.4042950701969926 0.03274708308846075 0.027635292806466885
0 0.6064733098202423 0.4015607787250657 0.02699350901344031 0.030074431865912146
0 0.712842565428889 0.4856448802780196 0.1327488198206255 0.13494195872854045
0 0.5705204337518525 0.38653576385706867 0.01558482559216578 0.014626362223545943
0 0.7124723120975572 0.4463765581565402 0.13640384252989574 0.09241319285343352
0 0.4972583337192738 0.4007439487490836 0.021728765155483443 0.028314286546157134
0 0.016059346795569456 0.39536931997170544 0.03211869359113891 0.041200311535847384
0 0.015548894659312211 0.39254653348950697 0.031062343924665003 0.03631341212655792