0 0.20638755492665 0.52071223254311 0.25248009595145776 0.17217125617630438
0 0.31520656981823003 0.4700363024938142 0.13521265886108697 0.11974829173157991
0 0.427971266764456 0.42935143374744167 0.07744959584046658 0.07958832234581195
0 0.3855156886801794 0.4543327711894016 0.06476339120311222 0.07689364704568365
0 0.48448312155847556 0.4226976620253696 0.05055802002951247 0.04139812391174853
0 0.521238787098196 0.4179492551443747 0.030677277634403106 0.029079135212380865
0 0.5563532906483162 0.41107902638723426 0.021235193859234464 0.021678339118249023
0 0.5865467785814212 0.4068374260895879 0.018982831903490392 0.01734057712648155
0 0.537232892589304 0.4148582093060774 0.028262621052228126 0.02891709075062622
0 0.5682712158801998 0.4095892584568594 0.017680382592114678 0.021077563452697335
1 0.07747998865334986 0.4825477339072428 0.04592417656936708 0.16955655900614003