0 0.09902707690210101 0.6549225300987445 0.19805415380420202 0.35587236958165325
0 0.32056406415688243 0.4743399671328965 0.1426155795255647 0.10788217434552175
0 0.37438000408431493 0.44931139158247035 0.08943414571142938 0.08572501054840237
0 0.4466437700822133 0.42456743794102825 0.06472316688918131 0.06536865234375
0 0.41920201698484133 0.4417550393679741 0.046130825239229865 0.06153125334112292
0 0.4960307435529308 0.4210749651329958 0.04352026227450429 0.03536163956538673
0 0.5414007004420482 0.4134879610988285 0.027153408147230173 0.027255299736910436
0 0.5269561792531173 0.41696830742053853 0.028564453125 0.027226303562973484
0 0.5597717335062347 0.4115304657907197 0.017926269930498773 0.018922091695686705
0 0.5703852381359235 0.4105309330706256 0.018192518956331765 0.018543828850500977
0 0.5867045567061018 0.4078304555525645 0.013170717977054375 0.01498830726302847
1 0.23621413947516354 0.45274188954343075 0.039720062729967295 0.11235113507491752