0 0.23439123195794792 0.5210509537951338 0.19915689139315465 0.1755413454415628
0 0.1153408746103332 0.636342127884821 0.2306817492206664 0.40961433179450757
0 0.37644178713332993 0.45235603459303214 0.10617442220717498 0.08941525098515396
0 0.4822005913672833 0.4131062527206287 0.0406403311529027 0.042009191429160556
0 0.46739879243215965 0.4192006548362277 0.03860286484949918 0.0411234060457142
0 0.5355598156508713 0.3967490396658113 0.02677447115507461 0.02369035140976295
0 0.42370322251651293 0.4409861336239156 0.04658262513255059 0.06770881063660801
0 0.5122760513817202 0.405813461408121 0.028288672034699508 0.02732498601501405
0 0.5972317986476645 0.3916819284388746 0.019446509447822977 0.017129400258889295
0 0.6461966413995426 0.4379774375162283 0.042230888360460954 0.06268922091695686
0 0.5639526916154564 0.39088741239098396 0.019387769972020647 0.017407638236574412
0 0.4321116262640216 0.4314390240293561 0.05640130031333044 0.05943416174089687
0 0.41190458533223884 0.40110176213209464 0.07235340982407502 0.01942412524628849