0 0.2586239731321545 0.47679029298784215 0.14624816944437347 0.152384320778348
0 0.12516917792420745 0.5482550030929252 0.25022238905397676 0.26987980071633677
0 0.729951548166969 0.4625776781248091 0.13633362465185506 0.12556479893122252
0 0.39680447270415986 0.41501901576246336 0.06669161306086467 0.06255954358351662
0 0.42551848192441105 0.4037036317767519 0.05886586299219389 0.05933920822068976
0 0.3224634901968456 0.4469867456460395 0.10556349672456307 0.10758597783212671
0 0.46777408627925693 0.3924799645984161 0.039411044179272284 0.035461515275614
0 0.4971236371643116 0.380208139428878 0.03498162856768704 0.029063921170500367
0 0.548468726244698 0.380850082501871 0.03253183809344338 0.03204485910961938
0 0.3052908771854878 0.39490163734115347 0.12413784722665833 0.045367258618187925
0 0.5704518627750026 0.36102294921875 0.0174902403637316 0.016849461888288123
0 0.528752349579032 0.372425978018275 0.01865449969337694 0.019865988752825636