0 0.4104900968337975 0.4411451203615668 0.10622008628564493 0.09485474826070686
0 0.46241739043815155 0.43217304188718075 0.04003032893307952 0.06352456131056024
0 0.49227423679604454 0.4174030262936828 0.052806738840198285 0.04856155112108993
0 0.5767913344251456 0.39429092780119745 0.02426718885744583 0.022574595342283725
0 0.13462460523536726 0.5863242051468567 0.2683167554078683 0.44810192000015275
0 0.5416401998000562 0.4032207649357741 0.027404236189186425 0.029495970128451857
0 0.5087627619870452 0.4081756353145238 0.05400777896310303 0.04851933961273522
0 0.6555503913835726 0.4120100362559567 0.017695054984541086 0.03948897047592864
0 0.5972821788522715 0.3877849858527309 0.02408273592408524 0.01946729136119257
0 0.5524474149440413 0.39839603427801196 0.030565288353434177 0.03030786299868646
0 0.6243319320366798 0.3815899025776286 0.01764245395863144 0.014841476843154325