0 0.1398745869771438 0.5493964440428732 0.2797491739542876 0.2565546268824841
0 0.29350595170127886 0.4803744975189776 0.1522240502270927 0.1363039436228464
0 0.3897474387193057 0.43569615159915687 0.12054071558954671 0.1117032853739003
0 0.026420545548761075 0.7285006496097568 0.05231792918990502 0.2316265684185606
0 0.4742218292061657 0.41933752155024284 0.05505625614843111 0.049878102709937075
0 0.520109486989281 0.41119483209425406 0.034160573464968313 0.033362603956653226
0 0.5899021650861739 0.39730942354174303 0.021064115759786384 0.0190581827918805
0 0.5359660762309638 0.4059958360062317 0.033876657680907606 0.03480471613819648
0 0.5694230236387214 0.40022816289788 0.02322080772817866 0.02418424097324047
0 0.5586093207021668 0.4032503129916224 0.022312317144061733 0.0243083099932032
0 0.6097751221301998 0.39189781867630435 0.021072699608416803 0.016500732183223364
0 0.5026790341293822 0.41818675827071117 0.02237215455399121 0.037985226509042035