0 0.28922402108193224 0.4766642252604167 0.23626469435110894 0.19467601608321114
0 0.09419356538736713 0.6629136310178397 0.18838713077473426 0.35542794057001464
0 0.4541439327760885 0.4304745581842238 0.07673401727309893 0.06491261889624572
0 0.5883283014679579 0.3978008520102105 0.02344109323896157 0.020952092354365223
0 0.5127893106331127 0.41628898553484694 0.041891526902979356 0.039636188704713464
0 0.5294107856656914 0.4085121341231748 0.04090368562512776 0.03933465236093292
0 0.5554003087790015 0.40499396151694617 0.02573457781837694 0.026660520193746946
0 0.49113475584340505 0.4251531188905181 0.027444510409214022 0.04888939880788734
0 0.6087739060184357 0.3913736949335212 0.022881496176793744 0.01861545417315799
0 0.5659862652433182 0.40160070812713833 0.026627847043003885 0.02733778370906647
0 0.6353178609129063 0.3858731177545363 0.017146686794128167 0.0150807549410435
0 0.6508268541911539 0.41099828755517626 0.012828062717191334 0.03436646223767412