0 0.11526012654589125 0.6416578097077759 0.2305202530917825 0.3422341146310637
0 0.36114605508275627 0.46076735629830307 0.0794692456673523 0.08399580044713771
0 0.4133826916274338 0.44040550910599185 0.06000387171498109 0.05418654038176625
0 0.46613948694137114 0.4246417928417873 0.04137649598515433 0.04605597741209983
0 0.431391194328751 0.43224332479437777 0.051131990047526575 0.048169356986574416
0 0.49994051193274736 0.4255942216949612 0.032566822267222 0.02906857487742852
0 0.5237306983180448 0.42545935368840876 0.02461648162816844 0.02234140286114675
0 0.5528869878436733 0.42289568322145343 0.014815722736099754 0.016076946538214808
0 0.5371465799950813 0.4235673533390228 0.021468554767349754 0.022006932591413123
0 0.5368313481353485 0.4236858438769627 0.021546857433053967 0.022418308351279937
0 0.22635369289145543 0.4975748668085212 0.24649090271744686 0.2029820775006873