0 0.2381573456384467 0.5051943722125489 0.18947969999648662 0.1520003302938661
0 0.3682379859057198 0.44975868441375705 0.09657381171587541 0.0754403779000947
0 0.049532503155398984 0.6764189570064302 0.09903934055014847 0.2851286260729778
0 0.45352382457168594 0.4200954791504384 0.05031627489715352 0.05550127225187867
0 0.4004613668920559 0.43554372778153255 0.06556538217689595 0.06417208286557613
0 0.49411844174002195 0.41903641776255496 0.039485753606014924 0.031956170194892476
0 0.4325921720690349 0.43194890325253543 0.03405115434797884 0.05126929259836266
0 0.5226806241376226 0.4162550224237078 0.026453924296044564 0.024423906880040324
0 0.5528466138114524 0.4125137254522926 0.017383391410721587 0.018395656015166788
0 0.5361587387172296 0.41410211617179865 0.023895588061503475 0.02412636795118524
1 0.30728868061854814 0.42769915896776484 0.029668226265458914 0.06421342926174547