0 0.8596606624974448 0.6344118537790964 0.2804624817942559 0.3569828156502016
0 0.6541255972761651 0.47634122518500277 0.12377769987990597 0.11869228806779998
0 0.4406040094957328 0.4273155562921936 0.03995442176001635 0.04232292883790017
0 0.32855665030678277 0.4429593053614522 0.06505047602431266 0.055293078529753174
0 0.5625001746713384 0.4319162974725837 0.04412592266391557 0.049863515128604596
0 0.4948072207334679 0.42673248559498717 0.019396703163327884 0.01997496305672654
0 0.37314521496352465 0.4323016602039803 0.04204538739906991 0.045486942414314516
0 0.39727235483713846 0.4299606069674823 0.023411673594963715 0.03651990545576735
0 0.5753475760009965 0.4484039485629353 0.03997827687423344 0.062320325148536776
0 0.5347393344682645 0.4272280158884714 0.025822612172935404 0.033436108660954304
0 0.601930083355159 0.45820729543736255 0.0558895881509352 0.08417923406188905
0 0.5401138966919844 0.42889468434502537 0.021448193079900858 0.03512179466985887
0 0.515156581376482 0.4169782562106702 0.017586209787663534 0.016157670454545456
0 0.36013640484065185 0.43870250593765275 0.03356207460043183 0.04608738993386486