0 0.0470847522052506 0.4826389435798891 0.0941695044105012 0.1288422615297379
0 0.13082047007850028 0.4429658682814791 0.057193765460908756 0.04656009916452835
0 0.22247311957820165 0.4382514394273506 0.06301652810072568 0.051532674511623286
0 0.09052280978111585 0.4464123559021414 0.04261137244161386 0.0455677259935545
0 0.45847423487965044 0.4365114154237689 0.03617932498211365 0.04022974515823558
0 0.29440342551455184 0.4308015705902905 0.019533296149964227 0.024848497974324903
0 0.5216967753475061 0.4352552277834418 0.03414914496882666 0.026392574067922166
0 0.3178243816434996 0.42986493749236315 0.024524155349294766 0.019019580889540567
0 0.5437299676927893 0.43841594498411535 0.026515608231551514 0.02695880490896872
0 0.19334033582411334 0.4352216972283953 0.021256678433858853 0.036729173110260874
0 0.348005642582916 0.42398332314290843 0.01702162211582686 0.019445723219467866
0 0.3350428334046658 0.4265257983613224 0.01700300714176206 0.018966570394596163
0 0.40760425183973836 0.4232649071358749 0.01062959934587081 0.013685239491691105
0 0.5641864268192968 0.4393939393939394 0.022894521668029435 0.03421309872922776
0 0.5776778413736713 0.4447702834799609 0.017170891251022075 0.02932551319648094