0 0.6052827499776421 0.4330522196034183 0.08556979187959934 0.07637836832920944
0 0.34610503127315645 0.4137580252579347 0.05418157694482063 0.04535237272230877
0 0.2444070986032681 0.43648012222782256 0.13006861289797117 0.09873931079316349
0 0.447076356128309 0.3942617526385325 0.027254567805217702 0.025702244375458212
0 0.5669880802282425 0.42113048147013227 0.05097573405879497 0.06344270379895223
0 0.36945560732924926 0.40762691553736713 0.03294376301551002 0.03952861647918194
0 0.3948352155584053 0.3986887554269382 0.02690654763996065 0.028879025814470306
0 0.4076607081116172 0.3950735112672211 0.02117283619142222 0.025345191694541178
0 0.31529431721273254 0.4252774862250275 0.023392634419077064 0.052060303450329914
0 0.5362716013548906 0.3958144947697107 0.03481379436452371 0.032162454703919235
0 0.5192462113287638 0.38968011850485706 0.014586204597429476 0.02465527964244257
1 0.30130825838103026 0.4315738025415445 0.02698282910874898 0.0772238514173998