0 0.11493522226079408 0.42591590918636973 0.07777938156564608 0.0660948096132698
0 0.9080205934513619 0.43134350371151026 0.18344038856487632 0.0943072515731916
0 0.17043769193884786 0.4192630473236651 0.056106130704466475 0.052594525140518086
0 0.9098052354689417 0.5441572053225042 0.1797018230497496 0.21828564357664346
0 0.058761615394473755 0.44095309528787113 0.07910293491765893 0.07284999336548448
0 0.20620277760366096 0.4129533366840023 0.04549745448963231 0.04399489237765762
0 0.3164164433202486 0.38186669372976234 0.03225039266116875 0.026931777611039834
0 0.01670328496314908 0.4445099592908037 0.033348261682546634 0.08979760073962915
0 0.3359480301864013 0.37744553790647145 0.023494842105095053 0.02437668368730144
0 0.5005375385674316 0.36522447095705035 0.017816576329977515 0.020160514704759287
0 0.39079655220736664 0.3705690445438508 0.03450407712847506 0.023505575379551565
0 0.3555429853188241 0.3745713518278806 0.022727535868509813 0.023887000358932063
0 0.42853666541036384 0.37027677086674454 0.02194910057236304 0.021020048408098117
0 0.4741950545852923 0.35451447159663674 0.012479518537919052 0.014800577918804986
4 0.5253475061324612 0.3484848484848485 0.022076860179885527 0.03812316715542522