0 0.10055259398915002 0.4457532000798051 0.06426104891037025 0.05158353714183162
0 0.04384623915078888 0.45185373255933836 0.06872897409359549 0.05506981992302053
0 0.46169140644962436 0.4322096301663306 0.03393260241529538 0.037505298066348974
0 0.2861854759085305 0.4290498526564791 0.03470826792307594 0.026668783506689882
0 0.2536952470232011 0.4295921885023369 0.0351549524414861 0.03209906286275049
0 0.00938608490070747 0.45640966689481766 0.018711457255913992 0.06533485330561156
0 0.17530192065609349 0.443186904444839 0.08883830434654155 0.06405949895566043
0 0.5383968774354175 0.4343660863613453 0.030319900076016967 0.02806746109023705
0 0.3183012843034546 0.4270510706151103 0.024676069507614473 0.020125880385890152
0 0.3679708510466706 0.4275464666670485 0.027293245030151268 0.024095402901240223
0 0.5563891980848835 0.43549965180726113 0.029307854341271464 0.028427228433528837
0 0.5807943523466246 0.4369438969378131 0.04082553267771361 0.034112119255177785
0 0.5197262580728103 0.43453108413711206 0.018601449512597096 0.0264424224286718
0 0.1512406880214189 0.44341253465221775 0.040874440652468313 0.06392039488254521
0 0.21582153519936886 0.4350194250500214 0.015102682792058463 0.033735318151270774
0 0.23536198039768372 0.4352864613164788 0.044624958677751944 0.03336710850630804
3 0.25020441537203597 0.4345063538611926 0.017988552739165987 0.04007820136852395