0 0.04846201387469338 0.4376446079765014 0.09692402774938676 0.07090056746586328
0 0.1424853901149597 0.4581073600642259 0.14256377075893997 0.09687830532517717
0 0.2191298103488476 0.4312346785648827 0.0675650196590096 0.058634678755804005
0 0.7084127505685303 0.4181177879475195 0.10147666151369583 0.06449506802526271
0 0.2554855034766583 0.41343019248686463 0.04726496623952371 0.03762408691883553
0 0.4936991057625971 0.3991458628068105 0.02717426889564595 0.03115248097469147
0 0.37638374634288124 0.4022908886623289 0.0320010368490648 0.028321147780730693
0 0.6123118989309715 0.4124865937442724 0.04692625356129906 0.04018911471697825
0 0.6480369536679783 0.4158291784083272 0.060811077875868765 0.04453150058421921
0 0.1138201796998767 0.421009470174273 0.046070800681437804 0.028292628910068427
0 0.5580996546897358 0.39360699695575974 0.01643412754561018 0.020228798904493524
0 0.1829248648243465 0.40353761973152646 0.0486020628585254 0.01704667763509592
0 0.5883531047980121 0.41002866086838646 0.0387694514002453 0.0371764957730022
0 0.34075649507885963 0.4043747052652279 0.026483493658332483 0.024525274163000977
0 0.5751118944593853 0.396465029301648 0.024861570469005518 0.024052714089610825
0 0.7841800118896285 0.4330688655551228 0.12255694684880929 0.07272103198695626
0 0.42528379850473347 0.39596612805378634 0.021282729416330234 0.02466718239285496