0 0.849969422534559 0.4584133114632973 0.13835741668476595 0.10369479271673387
0 0.7520170547098579 0.43660605571370203 0.10393773076579109 0.07288990785182979
0 0.9504818733071853 0.48879029394244866 0.0990362533856296 0.12615495459891252
0 0.93080135417199 0.46972442955099125 0.13718137951630213 0.1118031312526729
0 0.5743680191351952 0.4243504588555031 0.04653284380110384 0.03697426834181024
0 0.43026151992411077 0.41571613211086417 0.02820043805575429 0.028099887881460776
0 0.30176431276909366 0.42377832138643234 0.04619280861131694 0.03527852913268267
0 0.9911791473164094 0.5399468683893497 0.017053013050643908 0.08709594487910863
0 0.3484059892905509 0.41599435517282196 0.025560405540934177 0.025186816501710656
0 0.5073768197759096 0.40396835610547255 0.018200254401318477 0.02110309917789284
0 0.3253927410184996 0.4199290047176656 0.031004711534776165 0.029949706553946725
0 0.4607407452138057 0.3952552146576017 0.01885996309344338 0.020697928360596897
0 0.7806013455082916 0.45134625476825974 0.046312708008610995 0.07212866879162085
0 0.36404641027442763 0.41334318904932643 0.021638834369250817 0.02528159103318976
0 0.7119928642266711 0.4295588667674731 0.060913684810660264 0.05577849596010508
0 0.4120686890546747 0.3984539818787039 0.014869546461378272 0.015886532363071238
0 0.44280157455731295 0.3925952333392519 0.013553497738654947 0.013517974525369623
0 0.37838819976332533 0.4118154904243417 0.016191783540090966 0.021552420548096897
1 0.01839738348323794 0.41935483870967744 0.025347506132461162 0.033235581622678395