0 0.04664838577233078 0.46322846622411107 0.09329677154466157 0.08211591166834678
0 0.25244227336842995 0.45137930802003146 0.10543218130765153 0.084442138671875
0 0.9265700657642579 0.43878927072355356 0.14685986847148405 0.11049532028004337
0 0.7476079009735282 0.4184922771136898 0.10538770249897793 0.06171236010241019
0 0.21461596609818964 0.4388615970853953 0.07120255028139054 0.06555151916086266
0 0.7023498585062347 0.4063603465508156 0.09347032623415781 0.06397206296202956
0 0.13754878820012265 0.43248452702109297 0.10243361091769726 0.06608418961540811
0 0.9646059474492794 0.4553652229197214 0.07073201064876329 0.12515357232862903
0 0.5437524254362991 0.40022553772986924 0.03216487856449305 0.025274998281708212
0 0.35304928995601875 0.40890258311759226 0.02626320814754957 0.02319312072336266
0 0.6390557277426794 0.40018808433853403 0.04491423936720666 0.04365567890663184
0 0.6540632895144496 0.4048180901759531 0.033570383965530456 0.04617449778149438
0 0.38143475486524553 0.4041967158909534 0.022764391520914248 0.020224204860474708
0 0.41505659201646183 0.3915856175874801 0.015022109398954927 0.012899389481381354
0 0.45165232099281993 0.3929873976423127 0.01291629669613655 0.015836236530501587
0 0.39954913335068737 0.3998368935384592 0.016290348081050694 0.01819390588724951
0 0.4871739335266762 0.3978510583484161 0.01963445580795176 0.02169471658686156
0 0.6092538030441921 0.39872456808826673 0.026478627813905357 0.03359707919034091
0 0.3654522650181419 0.4069264729817708 0.0186620355139769 0.021321107448603983
0 0.5058689320175158 0.38284868555451185 0.011619985834653516 0.01225171876909213