0 0.13047578426432824 0.5303379480207188 0.2609515685286565 0.24756345627711082
0 0.2777611521161782 0.4495353512283877 0.09895822520345718 0.09347376072977762
0 0.6541426651612327 0.4566392796013945 0.12844711391046607 0.1250512802705737
0 0.3867730353566729 0.40814672863495083 0.05906159470340607 0.05598567541277187
0 0.4210007325216872 0.3952368832287085 0.03768940860876176 0.041307794267014905
0 0.45495962297341325 0.38199115055863575 0.021985282492462184 0.024883311281922043
0 0.44212160398993255 0.3871409694936385 0.024163833331204008 0.02799159970101723
0 0.5312186589712796 0.35894107166040445 0.028728145122138185 0.01950338742134042
0 0.46590343110403465 0.373982285008286 0.020826263302969134 0.021998579784106184
0 0.5723235659782553 0.38684769646280087 0.02963404058922731 0.02324135818556024
1 0.747441738624604 0.3961425065295088 0.01893592017260323 0.04737974821297654