0 0.10941624738891302 0.518432124968498 0.21883249477782604 0.21805495693769855
0 0.24459376611966924 0.4900248388624145 0.15774959086981935 0.15480460635844331
0 0.8221464741941563 0.47154022544942875 0.23565514128615597 0.136525143859207
0 0.8655158952914197 0.5228649598062912 0.26896820941716065 0.18128351265617362
0 0.3391661125426398 0.44793487876974125 0.1149393551094261 0.08472637277194832
0 0.12408845578659194 0.40004674290631875 0.06030914107016238 0.035227457682291664
0 0.3657401608134135 0.4294373632526118 0.10658128166042774 0.0771190236856977
0 0.9397527112984209 0.5567080888347309 0.12032988728408626 0.2406172020577499
0 0.4327303121446686 0.39415344954236164 0.03707316812685251 0.03639010879650843
0 0.6528364229865086 0.41276666635641956 0.13785640938011037 0.05367141082256537
0 0.7027979154423037 0.4745642549248152 0.05668893410159444 0.10399295810613697
0 0.6129022880547961 0.39517223846644367 0.08793439264679578 0.04866602087533602
0 0.24522851552518782 0.4496228916321099 0.14739164288474807 0.07750047849653287
0 0.035010206826086035 0.39785723345953233 0.06601878998226936 0.02677429736184934