0 0.6669444273654691 0.4565224745406433 0.11795006515739984 0.1091951163283541
0 0.8937708807108544 0.6735609395762693 0.21217457232471382 0.4484993644706898
0 0.5852664376708785 0.4288959521818487 0.05572080573193479 0.046985555370998286
0 0.4209264098671939 0.41676241072042247 0.035507838451170275 0.031369236324306576
0 0.5480128839575454 0.4178027976176839 0.02833623254484362 0.029323902297928885
0 0.44720466470289505 0.4133371630954836 0.026338691118790884 0.027446638687148705
0 0.5292353906888798 0.41581260703525935 0.01602744276369583 0.017814360289513075
0 0.4672699847966067 0.4157403105048723 0.01562559887316026 0.016456402641587244
0 0.47510484272792314 0.4126044429059369 0.014785379829313165 0.015048387812729106
0 0.037203597710547834 0.5640273704789834 0.07604251839738348 0.1935483870967742
1 0.3896586432967728 0.41768418775392535 0.01097714540320932 0.03310611310942082