0 0.8523992755231756 0.5152776574575773 0.27885820041010834 0.2021821768752291
0 0.12401071300490996 0.4775312168274224 0.17554114864970072 0.1252610252283419
0 0.758062878887086 0.46996142554259834 0.2095917321966987 0.15045870037955156
0 0.2016106306872988 0.44420463435228036 0.1402909161122432 0.09329790430451185
0 0.9524368448327627 0.5646827078751222 0.09496162021540269 0.26346054897513443
0 0.05711226880501648 0.5322941754920042 0.11422453761003296 0.19590050780295393
0 0.6322088358544563 0.4400097501126436 0.13378896268780663 0.10056225132499388
0 0.5696297596442533 0.4198322314787237 0.11801748829402596 0.07236800655241936
0 0.2955769299486087 0.4216076355875412 0.07777348640797475 0.05495577427182612
0 0.3456555644898559 0.3879306826773277 0.028330692968111203 0.02952508562820748
0 0.0771731706496057 0.3988783044898964 0.05004538772345954 0.029567177810743524
0 0.05095936329951563 0.4169355823147681 0.08399994882129784 0.028409717369638928
0 0.6627887466942202 0.4572690961880651 0.11323763207149427 0.11316305777660679
0 0.2700535048253207 0.43778662061644674 0.07659784848828445 0.07557357534518573
0 0.508883734365418 0.39747000626221896 0.08751333490903516 0.04091312412176198
0 0.5623211365494685 0.4393198678919996 0.0903103720040372 0.08400048398552053
0 0.3007786548829722 0.41192465863269795 0.08964791847659444 0.052866349355449656
0 0.019537842283459443 0.4270998002963099 0.039075684566918886 0.029368470491202347
0 0.4864520667911258 0.386270457814982 0.061306695322081974 0.03956274366332173