0 0.17482013967518717 0.38800263614598607 0.06973582257624054 0.04786522530623778
0 0.2302131496875479 0.37919624157082416 0.04778799460934306 0.03818831905241935
0 0.3261362545234886 0.3845769261334998 0.05588292568702729 0.0464304218310881
0 0.26956285303572797 0.37595390551017993 0.035018783656671604 0.03366249957042705
0 0.38469606837774045 0.37045294052228434 0.02416231119525501 0.028955662821511487
0 0.3585415432322542 0.3646323464133523 0.0209281216463103 0.02374709083654081
0 0.49282430179374487 0.3594879269716444 0.023276802368663124 0.025350263041834676
0 0.46139169538596175 0.3510983374810988 0.014674089233697875 0.01682544756728067
0 0.2869306487912344 0.3707232880802099 0.02506396464412561 0.028041537556130865
1 0.8418054089425338 0.422394201552763 0.036316965996780456 0.10378515219292217
1 0.6609172181623058 0.3948963124264953 0.024183795769879394 0.07659944923975134
4 0.5247978403835344 0.34142532423211447 0.029483723426001637 0.05084592459371945