0 0.21207553991409764 0.38351975904298785 0.05828461916058744 0.04257536260729777
0 0.2570888865510655 0.3757505444837106 0.04124269773993254 0.03493033639380193
0 0.2909154260343737 0.3725013471884928 0.03156223749393142 0.03147099141617791
0 0.3612786805347059 0.37669206994020343 0.04270307489427892 0.03775594194846652
0 0.4949796712505749 0.35689824347621885 0.021998856950761446 0.024634337961265886
0 0.32975242533648685 0.3693329483882423 0.03828688439831613 0.029515897540169842
0 0.46278811787740187 0.34923591501901574 0.016582099122291496 0.01485206700956134
0 0.39685246989265 0.36591466640796827 0.023741502987977822 0.02430437224118707
1 0.7660549659760195 0.40961603218742365 0.027025997882384505 0.07753684303977272
1 0.6349141455437449 0.3914956011730205 0.023712183156173343 0.06549364613880743
4 0.5257285391806776 0.3410174685838985 0.026365790129292722 0.046736045084158115