0 0.08074668812537329 0.43552881205419874 0.11558040671921713 0.07168441876871029
0 0.8319954673286744 0.431223879578293 0.12670449282629803 0.09571601218841642
0 0.21167048955684983 0.4224614416515839 0.0477700783206319 0.04806715442288306
0 0.9506431199055857 0.46147724050930167 0.09869459624770033 0.12421036139494745
0 0.324805757985774 0.41025314256476053 0.049986270832801 0.040867183681573806
0 0.2848912985326809 0.4128816367827086 0.03709964331114575 0.03220016166261914
0 0.49985799220187294 0.3942384393567097 0.025589900044077064 0.028494021060529694
0 0.7596710778998237 0.4291858542583089 0.05688860839444501 0.07307369944403715
0 0.6905389568986994 0.4218389337713068 0.04724026272166292 0.05296765697550098
0 0.7228912827623544 0.4248259424114507 0.061548739891021054 0.06370372902729411
0 0.013668699664439175 0.451385184816601 0.027318722212828776 0.07886347766029753
0 0.6263720932693044 0.41515224303900905 0.05767383091974142 0.04762496277034457
0 0.3997244409918298 0.4051484437049426 0.041889755236546915 0.03295015426441838
0 0.660218083653797 0.4178821045399178 0.06561883160644931 0.05355685803664162
0 0.36377018002925693 0.3965574620639357 0.026077482608723425 0.02588725905730694
0 0.5244821843219798 0.39168728318498747 0.013995565943121423 0.013091086409075635
0 0.4285130723031544 0.39800419812095245 0.02674275583062909 0.02414420716107649
0 0.3526754059561529 0.401234795504185 0.02107469585228434 0.026319874812897118
0 0.6139118384847072 0.3967553191870189 0.036260322577039046 0.024053430044522848
0 0.5834014717906787 0.39296187683284456 0.033524121013900246 0.02541544477028348