0 0.23083633335515893 0.3778225627462885 0.05329132703904334 0.03966891381048387
0 0.27093562003733773 0.3709651167674731 0.037031646254407705 0.03302837233855694
0 0.37690889572180986 0.37057265414986557 0.03968255829830591 0.0353241414268695
0 0.3014564420586225 0.3682218907748732 0.03033594488610231 0.029694677447993034
0 0.3427900687067214 0.36522499300750705 0.04326416913934741 0.027751933794217375
0 0.49621137866989473 0.35514228947584464 0.021201107995196238 0.022820257371471774
0 0.40606162943804935 0.36200319590340146 0.01701733019151165 0.022988387449978616
0 0.4661072476029104 0.3457975713854778 0.015478026545252453 0.016459326124144674
0 0.3129139211659342 0.362608834096064 0.01927568087885834 0.023359073105678762
4 0.5266253766912178 0.3385909780612323 0.02616811208030969 0.0455230981373717
1 0.7373782490865188 0.4044356061799319 0.02059175455463001 0.06792732604204851
1 0.6263286999182338 0.3890518084066471 0.02125919869174162 0.06060606060606061