0 0.09802270422972136 0.5432812344876435 0.1960454084594427 0.21591714540185117
0 0.3032416330432658 0.4423351716668958 0.09564261385776524 0.07589122067448681
0 0.34307974864494967 0.4298144925025202 0.05925253542933616 0.06513393845842498
0 0.5785717843306035 0.4251040014004078 0.05463524831676717 0.04887272302472813
0 0.5459972515714432 0.4170867382955691 0.03071889931904129 0.035522550431864
0 0.40940241840952063 0.41311013080973547 0.02965719701809076 0.031679692273032745
0 0.3904408839327921 0.41959082043182583 0.02260698769195881 0.04260519406196542
0 0.42011717003286614 0.40994896613724185 0.022250009382346177 0.031137624910266986
0 0.5164678391139232 0.4037661585057353 0.01592338855210037 0.016125482314959066
0 0.5307211201403439 0.41098201449665506 0.01538999219069399 0.026221252023765886
0 0.3739308242610704 0.4232523928406418 0.035134416082698794 0.052450051405562685
0 0.48291215249386754 0.40537778792842744 0.011028848119378577 0.010128196500030547
0 0.46608009868631184 0.40616222094464044 0.010429625616440107 0.010590554215924365