0 0.7411838384894982 0.5023130415005651 0.2023060409533422 0.16218938296141863
0 0.13362382029473344 0.4890981247231641 0.20272830267568542 0.1599293519557979
0 0.2527985280396406 0.45946340849905304 0.09717776282147511 0.10400163905944526
0 0.34838180978670535 0.4329042854197214 0.06179068464776676 0.05869720548478739
0 0.6062553698960037 0.44481735751542645 0.07987480756209117 0.06956134397146872
0 0.029860972968262917 0.5376982926623213 0.059721945936525835 0.20785582123846835
0 0.3766820849888849 0.42426928746735243 0.0505479389979814 0.05292759333188233
0 0.585665811209628 0.4289126876279173 0.05259174337566435 0.056362655505406895
0 0.5576169379695166 0.4238418325534198 0.025232223049110793 0.04120037119875672
0 0.5312089272824254 0.40812350484749205 0.02063447417339534 0.019404943620937195
0 0.487925694014143 0.4070694103968108 0.014375401245017376 0.014848725886638563