0 0.2752782801380922 0.5472097984157349 0.2851486268437308 0.1906043208356244
0 0.5875836026931726 0.44885195734913397 0.07033146431674162 0.058804449564317574
0 0.4344498142295457 0.4993009595227731 0.1587716053473784 0.12854320119669477
0 0.9102973345353383 0.477234602673662 0.11467472803173549 0.12342155807062562
0 0.9405178715728485 0.5088297376884393 0.11827934558335036 0.1667646629952499
0 0.8507427674088435 0.4508609417479991 0.06712464826183054 0.07474700539925465
0 0.6263902590884991 0.43919292013666145 0.043396495154716885 0.04861993127787451
0 0.6684076990734235 0.4240582150098515 0.030251828160133894 0.0359446356839565
0 0.6915870847413507 0.42135391906559294 0.02555766070561631 0.026525025726646504
0 0.968326596675695 0.5737300361939073 0.06263654308053966 0.2632261035729014
0 0.8299366661689366 0.4313933520722599 0.051751075176947055 0.05225146341184018
0 0.7954766561238373 0.41104273642263106 0.024261499562423343 0.01978592112849768
0 0.6477009109659265 0.43406903965149224 0.02834311958618663 0.041530128098652856
0 0.704350918312104 0.4148508856839565 0.018800275401803967 0.023306002947825026
0 0.737538173173357 0.41658910488453077 0.025010889510297424 0.02376254353005865
0 0.7374979488594261 0.4165828999419599 0.025078761801793744 0.023761827575146627
1 0.6639411283728537 0.4340175953079179 0.017988552739165987 0.0469208211143695