0 0.16517317889658817 0.4940138114862078 0.2161595866218124 0.1562100855136547
0 0.8799540534530228 0.6795979907202697 0.24006913591386447 0.4329491817589962
0 0.34964905034686733 0.45478558283980175 0.09029754613718827 0.07290249672569954
0 0.022742021113073642 0.5992814676502932 0.045484042226147284 0.14833141934720187
0 0.41189683741072797 0.43370520031463833 0.05042309889711519 0.044270475355877324
0 0.429746289381899 0.42785395438603524 0.036845271936324614 0.04064842962449597
0 0.5861286403503169 0.42844692912619137 0.03643204945574407 0.030682904046768083
0 0.4664174139938292 0.42140463253852795 0.022951264899964227 0.027172606944571725
0 0.5672368870732829 0.4261908209568594 0.018321626028464842 0.02708919819732099
0 0.44777706267886347 0.42497721771807034 0.025520780100163534 0.03450941456844147
0 0.4474093046523661 0.4249137065510829 0.025787777717446853 0.03537649562981122