0 0.1723615899011919 0.48823081992588435 0.29606037186679546 0.17828067842932857
0 0.6192433567000332 0.44862847500649133 0.11302977317878679 0.11159380393527003
0 0.37305513445900196 0.4058450976657961 0.056344033067380415 0.05304140033143939
0 0.40530089832970284 0.3936482986047471 0.03528538202518142 0.03998435161213954
0 0.4374968309628603 0.38056684775552907 0.02132193065527903 0.024807658712884897
0 0.4247205208679349 0.38611278366133617 0.0235024278317917 0.02798488762371701
0 0.5169740616056827 0.35852651885061554 0.030474559069654537 0.018601493052373533
0 0.2980226780290206 0.43589163712159396 0.04616640828616875 0.07463627103952834
0 0.5518547051867206 0.38560532078598486 0.03157114573219031 0.023453847637157868
0 0.44934039611067816 0.3728951223901057 0.019191239763261446 0.022395308299731184
1 0.7132832113095998 0.3952307826962289 0.0173231547520186 0.041806009391419235