0 0.13599819329948767 0.4370339431837274 0.09029195665435916 0.06098593434979839
0 0.05061333507713683 0.4761029762722996 0.10098390043610349 0.09945902446847507
0 0.21962115458553186 0.42822007582917127 0.05693403541895569 0.04358348678633615
0 0.768251258432134 0.4292435035444541 0.10285227316281684 0.07826547632002993
0 0.3010671745044524 0.41933130169194466 0.03879318174922067 0.02955939180107527
0 0.4979061398073385 0.40357708674605175 0.026211779914912102 0.030500126724019427
0 0.696233242530854 0.4262003222751711 0.06904882772575123 0.0555452139846041
0 0.3478994174561146 0.414022510935018 0.053587370004599344 0.03455463905371762
0 0.6047881306533627 0.41940571625561307 0.04465617494123058 0.04186054129055169
0 0.6353715349198947 0.4216451188103311 0.05390058066741619 0.04696503133018695
0 0.3699385486269036 0.40381854254013166 0.019750637201042517 0.02357451587128849
0 0.6602204292403414 0.42458694771238087 0.03887086058871627 0.04607581532945381
0 0.5201244338652392 0.3989930362645482 0.01495066882154538 0.014618695539696358
0 0.8490400712020263 0.450226232802763 0.10414339379024427 0.0926504424124053
0 0.43710499324471075 0.40279416021829945 0.022320401931725267 0.02155176425609421
0 0.711235788739907 0.4294399138419859 0.03977176544613655 0.05921182790925892