0 0.8718430900417774 0.6698129603590084 0.25589979893831766 0.4185067304534763
0 0.20018942981885285 0.4822529991351265 0.15195057729376404 0.11946823403516006
0 0.05912743955972442 0.5397285618040918 0.11825487911944885 0.2170737407307704
0 0.6540209441914094 0.48591127516820165 0.1042104176780969 0.10751253279073497
0 0.740940845704722 0.5267098465040398 0.19337634307287407 0.17439918853670272
0 0.33781579080801566 0.45408775053648887 0.07093652583299265 0.051681145661504155
0 0.6034859807785671 0.4572991364629154 0.07126730344184383 0.06854659720949413
0 0.3703476413779832 0.44600212865327926 0.04044716960566997 0.04456327108344025
0 0.573165057627568 0.4464262275285618 0.031438395514998975 0.046000282086235335
0 0.4784565611345692 0.4253819708950009 0.019648978482088103 0.019315419425479593
0 0.5126737530662305 0.4252199413489736 0.016353229762878167 0.017595307917888565
1 0.2830891893812602 0.43610916808903044 0.01325600749629497 0.04095995950559018