0 0.6970028444478868 0.4850931624396689 0.15630275074419972 0.13151936610306697
0 0.07781233830424673 0.5340895219282671 0.15562467660849347 0.2255761826143237
0 0.20211211833813497 0.4741100859432276 0.1426328470350189 0.13165879832218352
0 0.287130472802375 0.4539362365782319 0.07507760897096025 0.08985967999679252
0 0.36039786288120274 0.4328664889666575 0.05647920373026114 0.05382376006155303
0 0.5964702565652469 0.4433534385405211 0.07344176198065719 0.0628878685735887
0 0.38462254422079417 0.4254603381264128 0.046188441827856704 0.049270137663810484
0 0.5802410434526395 0.42933423591382575 0.04878206167275654 0.05043759164222874
0 0.5549208110020186 0.4249433291855679 0.024451991133483238 0.03925016968131415
0 0.5301446049113987 0.41115021915379857 0.01887293867858238 0.019197823831179742
0 0.45472738495247345 0.41148454026625886 0.01988149098655969 0.019104928681344696
0 0.4710709079795457 0.412872314453125 0.015112314668719339 0.013151316116049609