0 0.887589262044537 0.5264790405392763 0.224821475910926 0.21680740550349767
0 0.6962672535357471 0.42168671877386515 0.10613529582737122 0.0751098453823772
0 0.825954484042825 0.4314603982666254 0.13628296996371628 0.09831287014868952
0 0.22666840073717293 0.3953653822196893 0.05009444229737326 0.05498148898574964
0 0.9328701615041138 0.3988676546605801 0.13328411261370604 0.05371955879039895
0 0.25706328472346435 0.39235989299337887 0.02766359817367641 0.042937039163688295
0 0.7728608100997164 0.42384163864896446 0.08601360679744992 0.07812935539238147
0 0.2744051168321686 0.3866031680288902 0.03748564201598273 0.04142541969276943
0 0.29864131400357086 0.38320354562351083 0.0313909098639999 0.03583727227860765
0 0.7625129556227003 0.38033994971132695 0.10231119126252045 0.034692967509011484
0 0.40178456466312984 0.35320461716936247 0.018559553344427125 0.020030777708409702
0 0.37445047149283905 0.3594660754311003 0.026577416932300185 0.02356631222125489
0 0.4290702489196328 0.34949686566872096 0.022034664575135424 0.017877722299227152
0 0.3159691100225815 0.37957821843211603 0.025236789456957787 0.031354201271154084
0 0.5253596582670048 0.3481513328216642 0.018072145451119175 0.019906768351356303
0 0.3888466211975547 0.3555692969179573 0.018111920610179886 0.02133494924356977
0 0.9708884762431009 0.4109605955122037 0.057755726824407196 0.03853394628619868
0 0.4689876528324305 0.34876451837235767 0.019110741229302945 0.013812798791849951
0 0.4498332437685251 0.35030661067421953 0.01943303480171709 0.015726695428962
2 0.1054783319705642 0.4315738025415445 0.20605069501226492 0.2316715542521994
4 0.5478331970564186 0.33284457478005863 0.019623875715453803 0.03421309872922776