0 0.7437474897233366 0.5088666242821359 0.22284644213447977 0.1720547046829179
0 0.21287897816468532 0.45495225117702986 0.14012562712001098 0.11503101397353067
0 0.6589408618742973 0.45452767499847263 0.11589458275309178 0.11847908266129033
0 0.2918350082484797 0.42952306902187193 0.09956535782272077 0.08949126153164712
0 0.5926969314537766 0.42747555729930353 0.05821176873594644 0.0668213248602456
0 0.4822345774191282 0.3934409252476249 0.017448768397383484 0.01825711873969025
0 0.5291260464310353 0.3947590728192968 0.020128825601747752 0.021753275732374143
0 0.5349603186644011 0.39810189613498903 0.02374272568734669 0.019472004731030057
0 0.532843801103843 0.3973023833184415 0.020729894630263694 0.020836316478800097
0 0.446443172526574 0.3944281524926686 0.02125919869174162 0.022482893450635387
1 0.3491414554374489 0.3978494623655914 0.011447260834014717 0.03128054740957967