0 0.8496121946944629 0.6284638942744608 0.30059155692648715 0.33337464989804805
0 0.7203704509594746 0.5099309956689501 0.1975903140650552 0.1809872266484146
0 0.0721954632663181 0.5259239069993661 0.1443909265326362 0.19754660747151453
0 0.19494031280742155 0.46696531830878085 0.14019877698123212 0.11377093332836938
0 0.6349118997693939 0.46999228618245203 0.10593996336493254 0.12477056628215115
0 0.4115872698929694 0.4316968871235032 0.06537237034795329 0.05979583829728739
0 0.26707332483199614 0.44977321233218015 0.07193060537293029 0.086313764137723
0 0.5847703710697951 0.4390112316620082 0.06646578797334934 0.07486507829682917
0 0.34153920982279745 0.4228922526041667 0.05545126290372036 0.060100596438172046
0 0.3073710631076566 0.4370742753104381 0.07033623034897536 0.07230446555397728
0 0.38276100938474167 0.4148201891171035 0.03630800785242488 0.03871836433895406
0 0.5222227357005059 0.40433593928988726 0.0300717170571852 0.021840234422730326
0 0.43321533702185966 0.4015888799553626 0.01951203615277494 0.02194076642496029