0 0.8625397452154027 0.7931432938412604 0.2749205095691946 0.3985602266045027
0 0.6499695173561427 0.5323410705387418 0.13315385770134913 0.1259921643507912
0 0.3003547400211762 0.5008779546265961 0.06732025520780101 0.0710121967692296
0 0.12772370008591832 0.732136626630468 0.25544740017183665 0.5125148918621701
0 0.2281077487100272 0.513152270722599 0.10159457714364652 0.08937551548753665
0 0.3582395115350956 0.4911043497124725 0.049112689563317664 0.03814888186934873
0 0.5871326761565439 0.5122808044373931 0.05407160886076758 0.082844992420424
0 0.5499099644109643 0.49048318424765547 0.03945800581625613 0.046974607227135264
0 0.37856763713396874 0.48598995562988756 0.03015750563739268 0.033270066784274195
0 0.5667531472780816 0.5014026451670179 0.043124556833861405 0.0637054890831195
0 0.4635374080130826 0.46938212852440736 0.01605608886319501 0.016154985623625367
0 0.533628050460254 0.4846537152809598 0.020123685273788838 0.03458652887875733
0 0.4893704006541292 0.4755620723362659 0.018806214227309895 0.016617790811339198