0 0.8053391239044614 0.5531571612912772 0.29301955440642885 0.24806581797371396
0 0.2634427685866274 0.44770038862032624 0.09718735726856347 0.07672083342879399
0 0.6715387327205131 0.49001659046519885 0.12022248936401267 0.13966887204644735
0 0.6227383056041752 0.46510392503188386 0.09747129800567253 0.09965379403600012
0 0.5797545089160236 0.4312009988525629 0.06149534036756439 0.06402438733351662
0 0.41225196919476315 0.42655898585464014 0.06077362335030407 0.0661905089198436
0 0.3151598078056329 0.4385251131924716 0.05169560455047782 0.061529851262753545
0 0.3403798288141034 0.4286114048515014 0.052973001001315925 0.05772455090534885
0 0.37096706337355634 0.4227788334135203 0.030369257205641865 0.04329987914681085
0 0.492509419276689 0.4128777288621472 0.019193236007128987 0.02648469359993585
0 0.5322851772105606 0.42058710152336115 0.020785839364651473 0.032793628621777246
0 0.5485907716041496 0.42643396222812807 0.023172598438777597 0.046505089962121215
0 0.5421281067543311 0.42375362094196756 0.026829767110205436 0.04047910628780242
0 0.5117395608423191 0.40548465911477427 0.015450628098170483 0.015291394842451735
0 0.47225852336244123 0.4099521282714366 0.015021984633713206 0.01565402600539162