0 0.5616008169029155 0.5218284211666819 0.19385708850227412 0.1345500629085716
0 0.16607241813803147 0.6980883765197337 0.33214483627606295 0.3580286467879399
0 0.6720768202550081 0.49307883403401453 0.12755259703342192 0.10258172148017473
0 0.8065576810673037 0.4539776575530379 0.06944832602974244 0.05492379495242241
0 0.8462416367363169 0.4449951977324276 0.04525879105874387 0.04632821926739675
0 0.9205914151931726 0.42647175868119197 0.028702992449407196 0.027274899002627077
0 0.8936963709084985 0.42997677561591213 0.0336308202486202 0.03617952855800953
0 0.9790200259192304 0.41803870476119565 0.026331155298190925 0.022056303648888075
0 0.8679263597614728 0.4401238554267473 0.03180785034878373 0.04056845149453201
0 0.938829797852361 0.41944654060132575 0.019851647140739982 0.024008414379429376
0 0.9586221066441384 0.4170960904566074 0.01601736173216476 0.01927302892839687
0 0.9370586803869838 0.42083407613655455 0.019987491535926 0.02218944143106977
0 0.8809801976600828 0.43568958867913 0.03023201543974857 0.0378886322588282
0 0.885524796542825 0.43570110362063175 0.022975569169051514 0.03940275757193915