0 0.059215578405172824 0.4157126716621227 0.07195068321945428 0.06258504947725746
0 0.12622654837657463 0.4110549971504994 0.056371419037938214 0.04861175745929558
0 0.24742750291052357 0.4179076850122953 0.07396994315495962 0.05879033928625978
0 0.4682643388200761 0.3863979574522315 0.029511421309663735 0.03151409786817266
0 0.2888270056062513 0.3896143848944969 0.03918274873997087 0.035186767578125
0 0.15700015101584858 0.4042875675861437 0.04177215151970053 0.041155474859481914
0 0.35249772777541777 0.38056802609798845 0.023839368843583914 0.022681720095995235
0 0.4321638405176819 0.37713387378383123 0.017923275564697465 0.01892239001023338
0 0.21754297114549265 0.40362775547180474 0.08166229422718213 0.047264181157594086
0 0.18213560614348043 0.39629794332405455 0.03478083138766098 0.031308857460059264
0 0.18206951799494073 0.39378212251038613 0.034495418420699614 0.025907305794843596
0 0.4550218309229354 0.3710077906633752 0.01357625491874489 0.014885388744425097
1 0.9608928340434638 0.49719417269978006 0.0742308272753986 0.23609388841794965
1 0.5952575633687653 0.39638318670576733 0.016353229762878167 0.042033235581622676
4 0.5091721916042774 0.3646957531702483 0.03480361352079926 0.06272483967383004