0 0.06874569185620337 0.4768803392337564 0.13749138371240674 0.10616820811759226
0 0.22727637552181815 0.4447335311278104 0.05597059822238476 0.046772141144305966
0 0.4399763405176819 0.44653138340626525 0.037959874699764924 0.041342040776973364
0 0.13447213348363718 0.44933582354384316 0.03633601764919128 0.04197551171684079
0 0.19023345672782094 0.4438609312473271 0.036517214209742944 0.034658542010325026
0 0.5216288281968647 0.44711821286675985 0.02680780842766251 0.026108578619486192
0 0.49109528012092446 0.44666653481163704 0.023533070175158422 0.023342844794339564
0 0.5410946013980095 0.4480785321396933 0.028843677735971997 0.03005071585945137
0 0.35605265133125513 0.43918505954835657 0.025591447133074405 0.021741880116691106
0 0.42322795428122445 0.4332697058236727 0.011190244436069093 0.01612506467459372
0 0.26476918530093774 0.4397350173308819 0.011821855995758381 0.025792484525827834
0 0.3161342243434753 0.4366306517480755 0.015620683122636448 0.018919347201857284
0 0.4767644949263466 0.436452035913253 0.016380029336799877 0.01789406993638502
0 0.5073589533932952 0.44623655913978494 0.03025347506132461 0.026392961876832845
0 0.30130825838103026 0.4393939393939394 0.018806214227309895 0.016617790811339198