0 0.7801484227277954 0.5160084982654799 0.22372014816920482 0.18246853736139113
0 0.616091836600253 0.4330760101885157 0.08263306761996628 0.07738789458661718
0 0.5579091381656276 0.4047231068242913 0.033943931099243665 0.041988488399621215
0 0.4996270766924954 0.39733385550311584 0.020050023875076657 0.01947349630376344
0 0.4749897842220079 0.396340945365958 0.01880666338218009 0.019397306768542278
0 0.594274014015229 0.4187496778202896 0.059893803818734666 0.05596637446160191
0 0.5791545378216348 0.41281782730117456 0.04579418366401779 0.05278804178694709
0 0.4139267429404832 0.3958695636350272 0.03411353696883943 0.027101011453369378
0 0.5427869420897639 0.3990870650096606 0.021873842178556827 0.031652993121105207
0 0.5324955813141992 0.39517037400052696 0.021903935554859977 0.026574008975210776
0 0.44468310926161336 0.3965251993457127 0.01801904536424264 0.020664278479731794