0 0.9080389339418949 0.4724680284367745 0.16568724288378986 0.12527119775438356
0 0.7783283473815669 0.44331795402519397 0.11950064758151063 0.0818928618817968
0 0.9648925581625614 0.4866985720040628 0.06975095660006132 0.13046428721438172
0 0.4197823500301832 0.42028793678022663 0.0324445273772869 0.03154771791758309
0 0.8188016677819016 0.4603720000295928 0.059237488741184584 0.08204798544606855
0 0.28975670628146083 0.427642285299441 0.04930510251910006 0.03611288508828201
0 0.577532115571341 0.427510564511356 0.04602320274172118 0.03933727752894367
0 0.34020009200687984 0.41961420829228524 0.02690230562174213 0.025558307606686828
0 0.31529452931364343 0.4238234116301625 0.033835609916381335 0.031230191914100685
0 0.5068206911874616 0.4042100505511898 0.017688567191971587 0.019846896621838344
0 0.3576380682108545 0.4167675566463526 0.021826281668412714 0.02598970027263563
0 0.4562430331089023 0.3974245132938508 0.018462461033319704 0.023378911023032748
0 0.3713549834631158 0.41445268051132544 0.01451463925477821 0.023172805502733995
0 0.4076561541802944 0.40018897928217406 0.015199650337924161 0.016692697594009653
0 0.7167677048864856 0.4346016504431284 0.0459776384754446 0.059157952302129155
0 0.43930507856417367 0.3940836886856213 0.012756447468443377 0.012181853502260509