0 0.8212163742701732 0.5175953377493432 0.28095201069667314 0.2383682981847202
0 0.15709405869416107 0.48397903218646904 0.22152842835919934 0.15804653969444954
0 0.38213804405630364 0.40785567804748596 0.07614647279678557 0.07056004141083211
0 0.4299222832318709 0.39224629481400447 0.04511526112466783 0.05005941829140701
0 0.5405184604647895 0.3566832332667018 0.023037153292365085 0.020585583102318547
0 0.45596697753507004 0.38226735999740347 0.028559612233621218 0.032116603758095066
0 0.47181116511172577 0.375813608178878 0.025328092660849347 0.0278412491694923
0 0.6087689902679119 0.3902410244312454 0.0382672962553659 0.04032815912718414
0 0.4851954312765101 0.36724789377997463 0.02375016169575327 0.024599286002031404
0 0.4973460436842038 0.3600546798631476 0.02177752341194808 0.02373533724340176
1 0.8528924475706511 0.3910695781689119 0.029036864236253065 0.045830004142992424