0 0.7283570733308208 0.4894982391088939 0.20003920622955845 0.17688922005781096
0 0.06388281284544377 0.5155459168136761 0.1274095117704652 0.18567986362490835
0 0.1659725965872614 0.4579052370431253 0.1532837999520103 0.13395221072557734
0 0.27698325331057083 0.4315743544234558 0.09153112503513389 0.0857634334620143
0 0.3570025514990993 0.4184812991383721 0.056292305398162816 0.042823202332676565
0 0.6379532521607344 0.4523062906423738 0.09440601564096995 0.10794932494997862
0 0.5748106862128219 0.4197735380916651 0.049909190866465655 0.05521280208524255
0 0.3818893744530292 0.4127234405786061 0.03303252100847046 0.03699526968589626
0 0.6017579572276804 0.4353666333508981 0.06418747484732727 0.07711263975439883
0 0.5546359969082175 0.41283768013425587 0.024179304221177433 0.03984348748319892
0 0.4755788258812219 0.39610317375652954 0.01680233472697772 0.016959271472919722
0 0.5042593605871193 0.39842705899086633 0.01867740659175695 0.019731120746273215