0 0.10288646507731053 0.5114809485591169 0.20577293015462106 0.1741044537645864
0 0.29198554998914045 0.4451514101447947 0.07898263627159137 0.08716619795485094
0 0.2167048793490169 0.4673055162178107 0.12428019189093802 0.12129323293736254
0 0.6195612834889871 0.44810224814615407 0.08577460650040883 0.08418323147681452
0 0.33622434776724114 0.43517222176082904 0.04317603497259556 0.06584446404569892
0 0.37764522274887574 0.42233689532834645 0.04556751017285875 0.04427462192807612
0 0.5661347358809664 0.4277925165051472 0.05019400496026676 0.050561213190371455
0 0.3943700657842204 0.4165221929317113 0.03859924665748927 0.042129770168927175
0 0.5401529981187397 0.4161775352202086 0.019703725470155357 0.03258176563072764
0 0.48273783049813473 0.40631938796355693 0.012352158179170073 0.012453976031738758
0 0.5196453602900782 0.4058102246952896 0.0182534043942917 0.01774148204576002
0 0.46518328612882004 0.4082189207552465 0.013318889178122444 0.01235466711915017