0 0.3132690654264935 0.45510301934892017 0.10405668194724806 0.084716707380636
0 0.935935044620043 0.4715671035900843 0.12755459327728946 0.1082244604563783
0 0.236828658196737 0.43546457001657196 0.07437680260821239 0.05072433158449414
0 0.9680980267528618 0.48946882529459157 0.06325458018192968 0.12854412597178946
0 0.273015980630845 0.4230692575404371 0.03769978907687296 0.02907036476470858
0 0.5346341324164452 0.39461524046061675 0.017364926154946853 0.01957572869890946
0 0.4189069721412191 0.3969145296605801 0.018763918810366414 0.01768978413482099
0 0.6300147642196443 0.44307247098473396 0.07191169096228536 0.05585179184422349
0 0.4354117043371193 0.39297624067826703 0.019007485515254496 0.017290758597186585
0 0.4828611235100036 0.3860941539178962 0.014703982985614268 0.014369901207768206
0 0.6169987301892759 0.43709655940707476 0.06641009276944501 0.05345271642839687
1 0.6072783450659239 0.4390646896287726 0.01615769767605274 0.052312021264815496
2 0.45748160261651677 0.4022482893450635 0.025347506132461162 0.03616813294232649