0 0.7670842542671709 0.4793977709459769 0.2046110039349959 0.15229369281906768
0 0.030766953218451114 0.4477144392354747 0.06138484713637429 0.0708912302205523
0 0.09593652645681885 0.43212220908842713 0.04617920296170725 0.039266219003925344
0 0.2823574162855172 0.4351759506926625 0.04234776843890536 0.04668926936323925
0 0.33922268110323617 0.43160184410893204 0.028877139773801616 0.023009955591703324
0 0.26054383571871165 0.4307739317475409 0.011957301142170891 0.021685021364094576
0 0.3518743507216821 0.43414654177071876 0.02337035134690566 0.02394746871754338
0 0.06873416666699937 0.43239318310690067 0.023262872329424953 0.030871916143542278
0 0.12915095206858773 0.43196538513123933 0.02133832480804119 0.01935599020382759
0 0.32302367365564955 0.43111820165013287 0.01929634200288737 0.021399862488926565
0 0.25325547449918234 0.4210205227282273 0.013722729312525552 0.014799712806619623
1 0.9308680786232625 0.40908970091699504 0.017497676372138185 0.03904797208157686