0 0.877678584974512 0.6828160290610872 0.244136782230555 0.4250783314336663
0 0.7465148576438573 0.5184029796372877 0.20780918623517988 0.1734640320957814
0 0.08804028090744455 0.5027296675964534 0.1760805618148891 0.18623795047883066
0 0.6309783511345053 0.4558404529083043 0.10101083800720564 0.08760325859718658
0 0.2966276404317636 0.4457200722493967 0.09064668918962081 0.06445810685292949
0 0.5884981568680371 0.436126664237193 0.04959553104877862 0.05754323532387891
0 0.34104617501708784 0.43411098267675496 0.05076869861668285 0.05283338559804191
0 0.4710236469059817 0.40792497651667886 0.022185006691409444 0.0217173586609543
0 0.48661738073640637 0.39882551773086206 0.0149401885412408 0.014570875717864125
0 0.5339434569913252 0.3923016321624129 0.02274565178160773 0.0163727254112445
0 0.5106295993458708 0.4056695992179863 0.01553556827473426 0.017595307917888565
1 0.2552805266610346 0.4183444473400843 0.016160217933935506 0.048896081053732894