0 0.8128083448183897 0.5530344645182291 0.28455772618241515 0.223713506584876
0 0.15353922247399293 0.4840701225332967 0.1846598003696245 0.13868762600806453
0 0.6764797357292518 0.49003372863590544 0.1274838264321852 0.12501575100806453
0 0.3233908702385591 0.4478439375801869 0.07681179592478792 0.055830402691226785
0 0.6097911419872368 0.45292809748346624 0.07906677795060814 0.0743733664295424
0 0.9169958306450583 0.7187255978700818 0.1660083387098835 0.3892809139784946
0 0.014774369796279602 0.5567784463205645 0.029456292788512573 0.16580012257148094
0 0.3595859530707022 0.4382878487177725 0.04419020171645033 0.0472057115064455
0 0.57895658528912 0.4388183265603999 0.03998915640331153 0.0507061045656922
0 0.47530296993177634 0.41530311562099065 0.01981581456331766 0.019537663762753545
0 0.5103233006774454 0.41293323028355633 0.016596821420814596 0.016904113113239246
0 0.48904209339706406 0.40831493329209434 0.013720633256464635 0.011853409186369747
0 0.535123985708491 0.40158585206271386 0.021205449825608135 0.015526138559231427
1 0.2730586877730862 0.426707233268611 0.013150206571315413 0.044508023229395774