0 0.9294544884345616 0.4922658075685026 0.14063288516327677 0.16085376907303886
0 0.8154525444922833 0.47051563430741383 0.18043449445523305 0.11532715082401637
0 0.285870842921958 0.43716053296160956 0.09282426685947721 0.06865503454721102
0 0.12563700765639374 0.4402952669652676 0.07383498459298983 0.05828296590527248
0 0.6921636997824893 0.40494900551476204 0.078546157549954 0.042651074839244255
0 0.7853696235163916 0.4372173917142061 0.1221845475553199 0.07328547294072275
0 0.22718798558632078 0.4246916561182643 0.05637130674922067 0.041496985352517106
0 0.3091423926739447 0.40109736199253115 0.044044475914119995 0.03267111083745723
0 0.49183107065745096 0.3907173730993784 0.023061607279742435 0.02544280021421371
0 0.6148814390842191 0.3949169110459433 0.04578904333605887 0.03519061583577713
0 0.3969011033838729 0.39615218683654846 0.02089640632186478 0.01654013953483932
0 0.25478131597585985 0.4076933352711846 0.04226779391896208 0.027036307028195258
0 0.5328357911753245 0.3923709753787879 0.020182873904461364 0.0183685392228739
0 0.5866721177432543 0.3924731182795699 0.022076860179885527 0.028347996089931573