0 0.9530396605746627 0.4723430048102624 0.09392067885067457 0.15063932983756415
0 0.7621359150622189 0.43453630464167886 0.10990899523456664 0.07718047648231305
0 0.8448021203303864 0.45262122130930016 0.11885196813675389 0.09199796883591459
0 0.8789852763041062 0.4673134364690249 0.10881450462809178 0.10831443212365591
0 0.5664041289908908 0.41864749017232555 0.041388772884939695 0.033172667084784335
0 0.7022596532364702 0.42408795697015517 0.08190413917173446 0.060909506162939886
0 0.31861772638603203 0.42118197056088863 0.041807060834334116 0.031198123100332965
0 0.43985060210707533 0.4115368646377459 0.02207940539081664 0.024395417840832722
0 0.33904999353216986 0.4182471371349585 0.026179291045967907 0.027139404535526636
0 0.3584356674481296 0.4151580900041239 0.022596582270799265 0.0228596050601784
0 0.37205235878171633 0.4133012758555184 0.019164764578968214 0.022029485171141863
0 0.4632543655857139 0.3933497155749786 0.016985490101824405 0.019091653684017596
0 0.811576138338103 0.44312921041151176 0.08478626616159035 0.08354749334639235
0 0.5033440578208044 0.4050607392282197 0.018600002235793132 0.02076865873961388
0 0.3929472803972046 0.40929337517373837 0.015867942878679476 0.018991479659243648
0 0.42725265640171456 0.39430957246036474 0.014792915649913124 0.01574289390884653
0 0.44455165660293594 0.39117491303534335 0.015159925084960139 0.015174724023246579
0 0.5170324018327116 0.3860279131728067 0.010531883208554783 0.014135157490988514
0 0.6760221716817636 0.41649756706588315 0.04335267760182441 0.041662758746105207
0 0.38334286456603256 0.4107223764309552 0.01765819933213665 0.02128936678083761