0 0.7902162790493408 0.5166686981887295 0.25490646798983035 0.19717669743363575
0 0.12315051737664083 0.4787997845214366 0.24559082152993583 0.20741717952903532
0 0.6291134351604022 0.4437098050979808 0.08666957253232319 0.08269995188782991
0 0.9139682273833555 0.6535032240642946 0.17206354523328904 0.33178176954461447
0 0.5720463126581025 0.4267025646459555 0.043640935216297014 0.039896527809597994
0 0.42783131759281734 0.41715466451784733 0.0323468860991159 0.02809618878108199
0 0.5431664530020314 0.41906729331813597 0.025668751676844848 0.026810602242179862
0 0.4510362551822491 0.4146872601551045 0.02312833173101492 0.02577622638303397
0 0.469119255209398 0.41768123443991323 0.016248327147639 0.016223299654814272
0 0.5267919881950123 0.4169731699476494 0.013598812474448078 0.01844732409465115
0 0.4765969102536667 0.4147887915110658 0.01382952835943888 0.015160733071007454