0 0.14485706860475236 0.6418984451368523 0.288694778574556 0.3763414608534946
0 0.6849984319504421 0.48507930572897573 0.18407978547564902 0.15811008069289162
0 0.8746240573736458 0.7226623057852976 0.25075188525270853 0.5346066949421127
0 0.338166006841527 0.41882436086705005 0.06901633885680704 0.05675132952827163
0 0.24056041776792786 0.4374332372044538 0.1173638057630762 0.09749134171859726
0 0.39511057244688397 0.39897504789738364 0.03459378333727259 0.03514941859688111
0 0.38250316953620067 0.4047086385687775 0.03743329052055652 0.03601348668132942
0 0.5303354458251355 0.39996309550743064 0.032789054115775755 0.02581975047539406
0 0.11324755012842835 0.4359143090271414 0.18333671020857156 0.057186242305871215
0 0.01966745465482149 0.4560122671714626 0.03933490930964298 0.05547308152721774
0 0.4242888456081038 0.39388167007461206 0.021290864110090454 0.025154658193578934
0 0.42458772074464685 0.3938623691234421 0.021679457931955234 0.024843158143939392
0 0.5150794764570983 0.3977337163214809 0.017344863904078085 0.02335898361131476