0 0.17657699959256662 0.4877352001380361 0.15397358954391416 0.14232566139914773
0 0.07709525007745426 0.5504162919835961 0.1541905001549085 0.2213227839763563
0 0.27317767638411566 0.4582061916735398 0.09333760097001483 0.09712226696144917
0 0.6395164109212107 0.4625260846239614 0.10147661160759915 0.09597661977639296
0 0.37504254494742695 0.43149087109756845 0.0482740176084679 0.04623994799303519
0 0.5764929458730452 0.43702320386004706 0.05589048646067559 0.05502841386394184
0 0.3251963230984579 0.44625469666422285 0.05331914968794716 0.07191659698038856
0 0.3941183269559996 0.4251454969538505 0.04029597908575225 0.043154152490759407
0 0.5455692069801461 0.42484801768790476 0.019076805083554783 0.03467444217566288
0 0.525673467802982 0.41312127285805383 0.019042819031709936 0.01808809371754338
0 0.4869614084139284 0.41376402138032287 0.01270704043272179 0.01219930490324108
0 0.46881215804342546 0.41540091804511853 0.013450441648993254 0.01115081876603739