0 0.8429794997732267 0.5387882146900583 0.26245207018474037 0.21128154616668193
0 0.7076884134811938 0.4722600882820137 0.14648128082200532 0.13225500977517107
0 0.237367101312171 0.4426221950079805 0.17494176707107906 0.14473634125084006
0 0.6218499271770237 0.4301276780293484 0.06872309063266557 0.06794307705011303
0 0.5782725224218112 0.41865924376546465 0.03628263060225879 0.03565750793278043
0 0.44680653881656274 0.409099664622854 0.03059822637724857 0.027002448327147485
0 0.5544718058501125 0.4124808362735215 0.023415541317457073 0.025474391724706745
0 0.4680202980072695 0.40751946263765426 0.02107938702537306 0.023884524348194647
0 0.539958963214815 0.41181811559235243 0.012989658658268602 0.018749039427159702
0 0.48491141568025603 0.4107969252361697 0.016790956136932746 0.017044708759087854
0 0.49324700643269626 0.4067004400497541 0.013348283869071954 0.01557169119050892