0 0.048827317145059855 0.45230520179427847 0.09765463429011971 0.08318149122907502
0 0.12656851742760822 0.44012782301021813 0.08227457965092881 0.06431643727471285
0 0.19617667397025756 0.42010882872640215 0.07879209479443479 0.05955641104212488
0 0.8898984670444092 0.43297243537790964 0.1665580044588103 0.09279596024827406
0 0.33502490463943047 0.4194300736383492 0.05299860282891711 0.053377541162634407
0 0.7043479488993509 0.4104782358059552 0.0810404143563471 0.05110894852952407
0 0.7981375493870733 0.42640915737357193 0.0721310282572312 0.07593426746357221
0 0.677855796533243 0.4005513717934766 0.08089558686375715 0.054336532935835166
0 0.5410021254008458 0.39604516649292826 0.02836378071021566 0.022722082054160556
0 0.6248252538024454 0.39615779515002597 0.04081634995592293 0.03813405563637891
0 0.45726782985135167 0.38724793017434933 0.013238939611227515 0.013615970853952835
0 0.6008400343912893 0.3933505956028913 0.025802899264743457 0.032306003663779934
0 0.31547571339767094 0.4119064465296233 0.02709184897696494 0.040210742521612296
0 0.4187650142491887 0.38658258432516956 0.014854325101888288 0.012714971428625977
0 0.48755878439128936 0.39381957590172134 0.020460651238629394 0.022307812643190983
0 0.38553741030876304 0.39838244605041084 0.017190928548842497 0.016529340548249633