0 0.08697856612996985 0.4270210452559873 0.06404975897351543 0.053209649735764905
0 0.024832465199301306 0.43343704536863087 0.049161467850451966 0.06917520562225073
0 0.19002276566412638 0.4396580521778394 0.09350274024395697 0.07226404393290262
0 0.2157773121594408 0.40914042930565736 0.06993302651730504 0.037697114319861925
0 0.4611841608828828 0.3956958998216795 0.030589592622521464 0.03339422529860093
0 0.26491801775778695 0.4045733827533144 0.033708199651535674 0.030182928866538367
0 0.34100390455319274 0.3927292958965283 0.025277163489178762 0.020815881932352762
0 0.4246810451454543 0.38619444726848884 0.01905469668272179 0.01929519369921493
0 0.11434276515308794 0.41855598218513257 0.029640029320829927 0.0445211789009042
1 0.5931934472097302 0.40460242367443333 0.014127817099345871 0.04397893254941043
4 0.5037064509419077 0.37269453568892047 0.03592315698781173 0.06503716521948313