0 0.06030176744437666 0.44773960206748686 0.12060353488875332 0.09187703211869196
0 0.2738180464637738 0.4173592337182307 0.0381458996751712 0.029034954828018083
0 0.2354479436492296 0.4205195183628116 0.04269893268825378 0.03616186833684629
0 0.16420137619055986 0.4284634408363499 0.061266021853280866 0.046437223402752324
0 0.3371356330927726 0.4192248183145085 0.03167223053103281 0.0327117114472599
0 0.4608707256426308 0.4152657815554741 0.03185286564799673 0.03615196429389663
0 0.20659467770443135 0.4266617253845155 0.03293846049273687 0.034851253207478006
0 0.5940777333369532 0.42187404539345064 0.045827171593928864 0.038226383988575266
0 0.5400242653423318 0.4165854654470613 0.0336918554048702 0.030257149525751467
0 0.5667297912248314 0.4201948029787543 0.03601164049724039 0.0308308680619196
0 0.3786291214450889 0.4057793640554359 0.016605854424315208 0.019932214582187805
0 0.5163705970845257 0.40596133592890854 0.022990740622444807 0.019663015535266986
0 0.6107931316434996 0.4281524926686217 0.02125919869174162 0.039100684261974585
3 0.17901891426092664 0.4318018043495693 0.026817926888766098 0.050926171206775415