0 0.816311578134582 0.5173127294635493 0.26551251165806417 0.21699570164535986
0 0.9453919005998314 0.5583281008961847 0.10921619880033728 0.25569261716840785
0 0.6609143735147945 0.4803690532785007 0.20049155508994276 0.14882662149468476
0 0.037215709296387914 0.5237472549095414 0.07443141859277583 0.1540590884748442
0 0.06902034382106628 0.477406715251367 0.13804068764213256 0.10254243345437744
0 0.11961195065365009 0.45142881331905244 0.1353792454118331 0.08463464104884531
0 0.5142376105120605 0.4354607366746472 0.11510941013389207 0.0868947018859207
0 0.6071884392327397 0.4559103032594086 0.16151783803595154 0.12739284064180106
0 0.24914028014887188 0.3975879300025202 0.028237593144738858 0.028718383431085043
0 0.20384705388341298 0.4310126281320641 0.07368492943677177 0.051009490459662146
0 0.45966121395981324 0.4192550375780868 0.11022198131994838 0.06298884804763868
0 0.5232351307779283 0.4531026114932719 0.0718245549174673 0.09129663133667827
0 0.209318327884253 0.42147314047417217 0.08257411604325302 0.04978189626863392
0 0.4507351467478792 0.4393914335517473 0.07429091421581153 0.07573597778439638
0 0.40735857660226515 0.4044031495572535 0.08243356799845411 0.04164802200749939
0 0.19350365352552637 0.44712177772559264 0.052854848317405966 0.06634676607939272
0 0.3842358343540794 0.3930290871002108 0.053276529881375205 0.03982564827330767
0 0.3864825319678493 0.4033803781339733 0.03855542910459679 0.038773463035725195