0 0.5433383295990265 0.4284295224723928 0.08575369584589636 0.0851735462774163
0 0.32087374396335855 0.43268979726066104 0.12034281296312857 0.09739301724401271
0 0.253629707841725 0.42216008429653135 0.07151685887833452 0.06900615076864919
0 0.36420741981886884 0.38552544706611225 0.02993944094791241 0.03533252406563111
0 0.3900163078152149 0.3743664395657686 0.020028738924839022 0.022575848263379765
0 0.3797143669471522 0.3787782581437485 0.020738603244135834 0.025442263248029694
0 0.4727758499607139 0.35398687248938476 0.015790338898328905 0.015514563954820381
0 0.49591558523482215 0.38149506838324015 0.03202344468647792 0.022366938586342252
0 0.39974441590702936 0.3670777948254597 0.02000650575876431 0.021886353851646504
0 0.33916692351671096 0.37936034440295086 0.03745527415614779 0.015733825146627568
1 0.6330725107637469 0.3911016320669523 0.01622616884070932 0.03567457152485032