0 0.6837030693047961 0.49134145011417096 0.15237204675682237 0.14410734502917277
0 0.9079965387127581 0.7109790850478067 0.18377795340287714 0.3619295271260997
0 0.3107148589214534 0.44509796709375765 0.07114688003053454 0.06061474155936889
0 0.43310838825665626 0.4266630528842482 0.04443653820970462 0.048366781553564886
0 0.5671058586164274 0.4326545364812439 0.05041658615149734 0.05398574486039834
0 0.3636242046964432 0.431345591913337 0.044412533377197465 0.04888951813370601
0 0.5857416934296428 0.45409753525361984 0.05133306171108443 0.07431200312729105
0 0.3458666423257998 0.43931718306107953 0.04194352905572874 0.050399765357710166
0 0.4938436338186069 0.4246330522255697 0.0193360173497547 0.020635819271978863
0 0.619271977846484 0.46666018727471287 0.07183782993918643 0.09807341306207233
0 0.5348307873904461 0.42704544738590544 0.026572351463486306 0.033131290857160316
0 0.38966582977469594 0.4285768152798143 0.025519682166036384 0.039135288749389055
0 0.47441304441562754 0.41757464665238575 0.014321352942303762 0.013973292017961877
0 0.5411827605178097 0.4295334951152783 0.018654699317763694 0.036433722383232524