0 0.5281199644748441 0.5198252688172043 0.18437842355823283 0.16100895230021994
0 0.40753731528755494 0.5033323673908312 0.15888606498013338 0.1410428491855297
0 0.31413338911504113 0.4932956341308116 0.14323715995981962 0.1173769595685942
0 0.20231705148592408 0.47008877602257454 0.10002857373565899 0.07762681470705034
0 0.07644692621363643 0.43613703066769 0.06984895969743331 0.0417703608030914
0 0.15743160169824458 0.45207749830080035 0.0999065408527315 0.047871430248808654
0 0.26190156850869406 0.4796005055118982 0.09512204336320779 0.10079517532303886
0 0.2161291189497841 0.4788320472396597 0.0659025727191716 0.07993010132193915
0 0.09732814548645269 0.44487530511611834 0.08585829278629331 0.04177665524002627
0 0.15096573661997587 0.4743269307872067 0.08048911418275373 0.06946254219360948
0 0.14718559308804555 0.4734617141917537 0.07429283560053404 0.07099859362590115
1 0.6316327697803812 0.5065236320010844 0.05446002801129395 0.18264075434918745