0 0.1757221424667346 0.4643410899888502 0.18234748247697133 0.12302909545301809
0 0.26672517990149736 0.4381673445566425 0.0935573125606858 0.09533032131101846
0 0.5918010920651702 0.42804407024663216 0.06487538048408115 0.06963440120394979
0 0.32422576180658474 0.42470390193040536 0.051636540685047014 0.07180971087831439
0 0.3518156361989281 0.4173253750171829 0.03379014546229814 0.05685857360780181
0 0.5513460872023201 0.413127313727624 0.04118470685558054 0.044657389322916664
0 0.383108542965556 0.4078994855386654 0.03902222577997241 0.03972651834944709
0 0.3991317561875575 0.40349367799880104 0.028252864410325533 0.03847246365812867
0 0.5111112430850112 0.39508618963545483 0.01907530790065413 0.016940895296844453
0 0.5305963548986228 0.4039034876072978 0.01949067634339227 0.0318441232511608
0 0.4596766723732625 0.39713226944819924 0.012510061069092396 0.012148710756124755
0 0.45907201010578497 0.39752632804863147 0.012559068856040474 0.013069637593169599