0 0.12931103990980572 0.4898437321011272 0.22101867813023016 0.1432872186774499
0 0.24449102194311184 0.4567559355048723 0.10453569313978818 0.10612784615942693
0 0.30586171559593467 0.43933876611853157 0.06907038715952064 0.07872684959791972
0 0.3793183745464534 0.4196870417888563 0.04216151888606398 0.04219002970735582
0 0.6026321623233724 0.44184709923707843 0.0742434535178608 0.07648773044202102
0 0.34348725687745935 0.43081996168209313 0.0382263982091297 0.06146365526484604
0 0.5565998517190055 0.42355017042113424 0.04510792492845462 0.04905206973019
0 0.3947811298261192 0.4149071776389143 0.03473469320127249 0.039867710624389055
0 0.5332495127168719 0.41505191985696177 0.017828304262699306 0.030988020165108748
0 0.47846811439595255 0.40546039122640215 0.012403761083145953 0.012076309815646382
0 0.5172889940288353 0.40518437569208976 0.017591549740009198 0.017676717957676565
0 0.4604994242832686 0.4070980187618371 0.011516131247444808 0.0116506149575391