0 0.8057988089610588 0.5428703061995968 0.2659829265254497 0.242228070778348
0 0.2187818088983768 0.45517771731140794 0.1425788860679745 0.09591346658686156
0 0.2970280495220194 0.438181350424609 0.06825893898041445 0.07379502401790078
0 0.926580146795789 0.6608179713274377 0.14683970640842192 0.3436497663123167
0 0.42797209021505134 0.4205117025216887 0.05513104043431879 0.04943352454102517
0 0.36604659672360484 0.4173410663623381 0.048189277056290884 0.04508397912466398
0 0.031730121603191434 0.5163943383001512 0.06346024320638287 0.12874101357259593
0 0.5742329233314595 0.4187384462776072 0.03018111122112633 0.048299302803106674
0 0.39428745871767684 0.4101102797283572 0.030533098921070114 0.03536524917140151
0 0.5522481898060609 0.40412908798322184 0.02188292508815413 0.028087716647956378
0 0.5629690424497266 0.41305028891167217 0.026449981714406174 0.04133106280165567
4 0.4963205233033524 0.3919843597262952 0.07522485690923958 0.02346041055718475