0 0.926701917671709 0.48751297071648947 0.1463817680652085 0.14074981480632942
0 0.1531966763837164 0.4382382837558422 0.08858166224432108 0.056382732074398215
0 0.2020114702176385 0.4242223476734329 0.05849683236023099 0.05159946713862414
0 0.2780373698848247 0.40816588042884744 0.04666709120119583 0.04242405746922349
0 0.24382624154391097 0.4193250669179191 0.04366269427445319 0.042854853506078934
0 0.02891632577652631 0.5189787416281005 0.05773403566827174 0.14496279182322214
0 0.036919289269314766 0.4539337307360398 0.07322062735955245 0.06341582565829668
0 0.7317858966568505 0.4151321515542904 0.09847695576004191 0.05206856676327285
0 0.9687958637028568 0.5771214400335258 0.06236395598042723 0.15112382249282136
0 0.4056488311592907 0.3996751772227059 0.016045259240213616 0.024778483550219943
0 0.4860132424829441 0.3940405971493539 0.021311849623747957 0.02323187178297593
0 0.6349093545584628 0.40048956101940525 0.043995817469848736 0.04260203192777065
0 0.5963293467012469 0.3958625234117256 0.028164405853945217 0.03094103562400721
0 0.3798117961244123 0.3991547078331195 0.01590966437551104 0.019984270470582845
0 0.5825346278442483 0.3934296937049426 0.0228613341137316 0.028447513822702834
0 0.4259056159929477 0.3848588482958364 0.012160818204466475 0.014298872514204546
0 0.5306623058053965 0.39589442815249265 0.019623875715453803 0.019550342130987292
1 0.3408925640514807 0.39477977584883617 0.010283076363514412 0.03359737750488759