0 0.13665948475567122 0.5219726711657273 0.2631725181055576 0.2151889297619593
0 0.8968831995716859 0.49822259718371975 0.20623360085662817 0.2068135698752902
0 0.3078867802343111 0.44947297365667765 0.14989346046478946 0.10371406383644917
0 0.9421206058679987 0.6034212830246136 0.11565717945114473 0.2526506142415842
0 0.7841620207417723 0.48586725885683957 0.09883543125255519 0.1385406762623717
0 0.03498801269788578 0.5685079058127902 0.06979272322682016 0.26660961699276026
0 0.6784933718714866 0.4017861255336251 0.156671157549954 0.060980296204866204
0 0.10030944836695274 0.3914160705148766 0.06654266207703585 0.040634021031891496
0 0.18638965796956447 0.46632837200444466 0.18205840141190335 0.12305540679603495
0 0.35195799333973193 0.42617417500515486 0.12072162519004241 0.08358042727234544
0 0.4341388742941282 0.3816015965078583 0.041347101294204824 0.04003760075872129
0 0.6357128427151472 0.3813737587728342 0.10664274101849959 0.05432319827559873
0 0.019546282146421498 0.3914502126147437 0.03892607957685179 0.03562487232137402
0 0.35380736356471665 0.393665720174273 0.10528097831120962 0.03356044616400904
0 0.025278521870748 0.4252007298921676 0.050557043741496 0.05796484327269673
0 0.6398075381362428 0.38677156659048906 0.10054142126175389 0.04630787421531342