0 0.08989746143656097 0.45669160397288155 0.15719315036826706 0.09710314499900721
0 0.2580306270721011 0.4009157331807872 0.053397602071941434 0.034583575564745235
0 0.17746025952567648 0.41770418974428 0.0726343437188586 0.04465103522307246
0 0.4572476428352412 0.39285164960784763 0.03360886156607727 0.035831335819128785
0 0.039861954730354365 0.4292125683259638 0.06573812667210377 0.05799100545844025
0 0.20156476074618 0.4077334884091673 0.06114859280777289 0.03970775436446115
0 0.3325469546501303 0.38970461012913915 0.025189752960828905 0.022760624293591155
0 0.4206955068343405 0.38398666605571846 0.019198900349103126 0.018494368298662023
0 0.128560625327384 0.4005218386533556 0.04315225471752351 0.019707583728540444
0 0.09011510192421938 0.40287637570736345 0.0520922083008611 0.016624920529004765
0 0.9833610079274836 0.475698178348187 0.033079557504599344 0.15900866377039038
0 0.3935374075140216 0.37245643593349065 0.017313448016212693 0.01660344188164406
4 0.5011987693955055 0.36986156176495294 0.037907922453112225 0.06643763269031036
1 0.5979745760377274 0.4031394593060774 0.015713982570395545 0.047007481490179005