0 0.8459384571989345 0.6241178093068411 0.30812308560213103 0.36280039678221226
0 0.6990698052544333 0.5066212554364843 0.1772175973687909 0.18838650133835838
0 0.08662368387641813 0.4972462882510844 0.17324736775283625 0.17091866322626467
0 0.3668655557702627 0.449176702564646 0.10392894729277391 0.09030097670569098
0 0.25357048178147995 0.44382993636592744 0.10005209198372343 0.09133937981121701
0 0.1885114655763715 0.46477774790654786 0.10309747429237147 0.11583067594735154
0 0.604940743497036 0.44770020963159823 0.08846304792901676 0.09547676392198191
0 0.30825239229865087 0.42261838493459036 0.06564133925605581 0.07035208634034397
0 0.9893016300528925 0.8863377426609849 0.020940797794869175 0.20399727173448193
0 0.5228842160590632 0.39932719330400784 0.02866431522447363 0.0244313050807979
0 0.39474251498380647 0.402333875788505 0.03022954508796249 0.02798118852333822
0 0.3654052035689646 0.399036858671455 0.04444756745707277 0.01925683044851234
0 0.4281794126172194 0.3954031935884806 0.017679883531147793 0.02227795135706867
0 0.40476186257937063 0.39921183506880803 0.028781719316933258 0.030197426953506842