0 0.0604020724604584 0.4123097528810026 0.1208041449209168 0.09267445673341276
0 0.24970767503864727 0.3815163680418729 0.06147467924353536 0.04637225049448619
0 0.1403667671409476 0.39851197422657775 0.08599131124875434 0.07212282182650599
0 0.191880832026459 0.39090449089878115 0.05314460311477923 0.057817177572091885
0 0.7550820625910287 0.44662702304992974 0.14195884024619276 0.12194209690783847
0 0.669126022476109 0.40147968191555167 0.08181475735256541 0.05641092279905914
0 0.2904536823512878 0.3758306270237659 0.044722949298599754 0.044655897750183284
0 0.5418672475869404 0.34120524267530394 0.017938297299800694 0.02156656065760936
0 0.47579614197925185 0.3392989679748595 0.016318095870809485 0.015907324886974585
0 0.40615530318153364 0.3481503931308422 0.016871255046504496 0.021842799927831745
0 0.3232354377004229 0.37058387077682065 0.02749474089553097 0.036035740946511484
0 0.45146976449113346 0.3381579744967314 0.01911183916343009 0.018204824199657868
0 0.4574552771505136 0.33526648617443333 0.018810056996754906 0.0193429836895925
0 0.31845667941201833 0.37132352677957753 0.029206520011945524 0.0365224411294141
0 0.41829452452265814 0.34427009649640306 0.018480551993369277 0.018827555815844943
1 0.7554206505040116 0.44683949758580005 0.03279239782425388 0.127308745771093
2 0.3704006541291905 0.36950146627565983 0.06541291905151267 0.07820136852394917