0 0.08757009373662517 0.4285774417403623 0.10641299206413213 0.07082924045775293
0 0.9167680841728204 0.4715044277038276 0.16562840359579414 0.13426845397650905
0 0.7332174530403592 0.4527950790271032 0.13393633539132768 0.09662930217306635
0 0.8352110918096509 0.45750128931547074 0.10303967055588205 0.097513625815234
0 0.16433355872590136 0.4166349856618096 0.07198386765462106 0.06559966712869623
0 0.968802551119813 0.5194791344486956 0.06239030639947874 0.12069203963144551
0 0.20861460201484885 0.41234662455897175 0.03803392287072644 0.049753079083424974
0 0.23501478368302203 0.4051796474065249 0.044065461427777494 0.046453302556818184
0 0.3558448548211685 0.37471560182692604 0.02770394725284904 0.02387820007980511
0 0.26372236749332456 0.40128509133675466 0.03769215344407962 0.03926642782410802
0 0.985987216453521 0.6843516777687408 0.02733845995375102 0.15991037915062928
0 0.28533749646664835 0.39794641459326124 0.03049060387973988 0.0347016186308651
0 0.7957768662484669 0.4027142268355175 0.11948318044766966 0.042807003852792035
0 0.3871523965506503 0.3683669909703767 0.019822377215032196 0.021494547526041668
0 0.5162723818862428 0.36131753483359297 0.017866881675439494 0.022912406734940126
0 0.37232477121049035 0.37079662871151026 0.019526134625089432 0.02132000368478128
0 0.4171920239876648 0.3636824383180978 0.02646717436471535 0.020005062994486192
0 0.4266720987789375 0.3659361152238743 0.016834574065438472 0.017648676390288977
4 0.5401005717641686 0.3483632256441685 0.020371219513363657 0.03396985304786779