0 0.25317773951532796 0.44530340140632635 0.12153777701876149 0.0905073805405364
0 0.3076275804446354 0.42848472557925527 0.07118388540122905 0.0745940893626283
0 0.5738242922117743 0.42116407168808806 0.059571011185353635 0.05607761595605755
0 0.020171403367063207 0.5778528476390671 0.040200798667949046 0.1994205896222813
0 0.3466298687389807 0.41993653715996915 0.04189070345238399 0.05872879699528043
0 0.53837574220347 0.410706058625252 0.03494824138900245 0.039436854924624266
0 0.38970998419374103 0.40689164475844636 0.03258052149076298 0.03532324648322947
0 0.3651418615732637 0.41419080508652556 0.02981921716098988 0.04882764769672532
0 0.4017955440044013 0.4042410752640442 0.026208111816805497 0.03421557473996518
0 0.5206852286737275 0.4045897900533816 0.015027124961672118 0.02776276261226173
0 0.5052424607857855 0.39620965713396566 0.015645311781352207 0.016255159648399315
0 0.4437769642640408 0.3976396726606412 0.012940501153030458 0.015876270342665567
0 0.5054090473365316 0.3965385787531311 0.01544648589214534 0.01586448691807185