0 0.1797672437042461 0.41088710572362996 0.06730721724004114 0.040644133895023825
0 0.2841328880578304 0.3957284161072672 0.035599840340415474 0.03461552505269428
0 0.03965748217831063 0.4360168546525614 0.07882495457192278 0.06737389289505437
0 0.43621801218826656 0.4012130931209143 0.04010873141097711 0.044368650673188535
0 0.0949813736722982 0.41845000594242576 0.059943553958870986 0.054159274432200026
0 0.20582734651479775 0.3995578799429527 0.046124649359764666 0.04145325243997434
0 0.3998265488656544 0.3875396967167262 0.022646962475406276 0.024880835271184627
0 0.35968851009939695 0.3773017353792461 0.017502916512290474 0.016489933196633676
0 0.331587185551666 0.38309900129062807 0.02460300698206255 0.019397127779814272
0 0.11364176852334647 0.40888240213850957 0.031701282117567585 0.0355856141270314
1 0.6231232313279333 0.4198742043354411 0.019895664318019216 0.05987966468490347
4 0.4922322158626329 0.3729227761485826 0.044153720359771054 0.07917888563049853