0 0.2122955041543831 0.5331792150890838 0.26673179869757063 0.20730769809040506
0 0.8423060419514641 0.6472936128707691 0.3152413917971944 0.42199390817830523
0 0.653581995117986 0.4733514869667568 0.15243882111419155 0.13691590608389845
0 0.05839201084239894 0.5152339394607619 0.11678402168479789 0.18537880458440248
0 0.34050803757649606 0.4186385854831073 0.06435214001335088 0.05322760827147483
0 0.2559115518240878 0.4134049550762158 0.09918327674647383 0.04655508748014418
0 0.14490655320449042 0.4558938959593414 0.1349528040538922 0.09868090080492424
0 0.3812547186214419 0.4064985109331088 0.035330996197554684 0.03300292610772544
0 0.4201870635212784 0.395700389455607 0.0196279929684306 0.02451026894130315
0 0.39326176366548704 0.4002470312929573 0.033516235850623466 0.03362139182589504
0 0.5236017160111535 0.400624443941685 0.03130913872457584 0.025890361528592375
0 0.507920072591412 0.39918920791044266 0.015349368627989576 0.023160335954682917