0 0.09220806380714049 0.49631784388746336 0.18441612761428097 0.14042322004062804
0 0.9258279122004037 0.5410603572662741 0.14728417010552944 0.1836077409522391
0 0.9026657690888824 0.48070091329595094 0.19190106894866618 0.12189558967001161
0 0.18271749251608174 0.4374482275104243 0.06727138466261881 0.049241380141510874
0 0.21927261664452166 0.4268402815564287 0.053814592462821956 0.04843825771894856
0 0.28827420824975725 0.4124221279707356 0.04414428810749693 0.04022610572076613
0 0.71878812825787 0.4188950763303397 0.09760674315208503 0.04896385811873778
0 0.25723241648514156 0.42252680236876067 0.04036425062602208 0.040354530133110335
0 0.48839179200416494 0.3998130283747251 0.02146221669307032 0.023597515922837244
0 0.5345377886967881 0.4007120738397712 0.024799986345691947 0.019346444138333946
0 0.6236568023606781 0.4038280438584433 0.06094477630889718 0.033462539329789834
0 0.3870195839508381 0.40443647129211724 0.021222717335062348 0.020185304643588097
0 0.6388042010153695 0.410206873978571 0.05354450066754395 0.030579925865255375
0 0.41347189877526447 0.4040338958113774 0.01435062286801155 0.022375709034014542
0 0.5944575686388491 0.40106242935911535 0.0261139639654027 0.029502950688844086
0 0.041188810779145775 0.44574996336697364 0.08161059321678767 0.04416555812981122
0 0.4330354754493944 0.3903444351688508 0.011778188161155969 0.014822354880712365
0 0.5814309295629344 0.39859882850684264 0.02126568648431112 0.02649784927144428
0 0.4654363100390306 0.3878437090712442 0.012683484755084832 0.013786934920653103