0 0.3571097622713103 0.4405806943235276 0.07234287963767376 0.06175976228387708
0 0.24743687278017681 0.4325133292905746 0.0672342919562551 0.04714470618165017
0 0.8734606963537408 0.46187240287355663 0.11495210611713001 0.09363523839389357
0 0.9560292852967855 0.49176441539417615 0.08755655358876738 0.137370298801396
0 0.28715038533495374 0.42771984708157684 0.04823830979628731 0.04015630011684384
0 0.5975676167722813 0.43131808731213345 0.04929724230887163 0.04080262841367302
0 0.3185748320959283 0.4208947085681665 0.02219835657227361 0.03135948143863025
0 0.5267687319539555 0.397807489508874 0.01693124217472404 0.018472949314210656
0 0.4142627981190592 0.39755681579530183 0.01893721773111713 0.017408742000397118
0 0.9295916303882614 0.47236798865354657 0.13829947570651063 0.11240641276041667
0 0.6166369109882844 0.4411244769949368 0.06004217464418949 0.04874564102784396
0 0.4315733266286156 0.39309040565528014 0.016164734435685814 0.015890708766724708
0 0.3798472419295853 0.4091537043029845 0.029341565909584526 0.024005132919415934
0 0.4588041640848579 0.38682835076444894 0.01838131372010425 0.019533994493829424
2 0.45584627964022895 0.4022482893450635 0.025347506132461162 0.03225806451612903