0 0.11321342449546933 0.40333020162722233 0.0864863235835452 0.0563823740969422
0 0.2459189663728728 0.40980079330190766 0.08481144378736968 0.0677523347289681
0 0.18630474898431112 0.3932148475684262 0.061029067706204004 0.04406314674593719
0 0.3003810779637035 0.38426915501569375 0.0545056920897639 0.03504226401171493
0 0.35835672847969263 0.3868462048900675 0.03150180121084168 0.03300608824192021
0 0.48642139949471075 0.37345567033903804 0.02433012044536999 0.027275525463175097
0 0.45239367605912717 0.36426838775067966 0.016878541336621013 0.01712304615904509
0 0.428893244471203 0.36045002121613057 0.0122546416662408 0.014730563494700024
0 0.3356893668872649 0.37558342867466243 0.02812517966194808 0.030797248012509163
0 0.3894851447516353 0.36708599847549334 0.012802211359106705 0.014888252564073192
1 0.7017329442920202 0.41856139659415476 0.03492733073448998 0.09898718034999694
1 0.9869010469899836 0.4939542828184186 0.026104481807031888 0.09623081360161596
4 0.5217875545373825 0.35384596361326215 0.030832086346330743 0.05666553426464748