0 0.8549398950933923 0.6048690184353617 0.29012020981321546 0.31653500255834555
0 0.21034726683272753 0.4576102934508263 0.1213262999340441 0.10088350626030976
0 0.09159804911079313 0.5029963757169095 0.18319609822158625 0.15434272594582418
0 0.6797226338920687 0.4689430990060637 0.12930300346867335 0.1156802359214626
0 0.4586714637737633 0.4019494527479304 0.03212175969695421 0.03210410437858932
0 0.860176067710995 0.40465063130517626 0.05560522321200429 0.036886086561812685
0 0.48130667336339944 0.3887134600478067 0.018546602712336466 0.017442391881262218
0 0.04670181492753236 0.41355293400709464 0.06437030271341444 0.03420596901156219
0 0.10184988425778056 0.41480381164849095 0.052548175353255316 0.03209118735871823
0 0.5357181427426155 0.3779989263062836 0.022704279627452983 0.018747040719696968
0 0.5077677841373671 0.38514173998044965 0.017988552739165987 0.015640273704789834
1 0.13640808454811426 0.40762372357171767 0.026031568999770032 0.05156614540376039