0 0.19819803931921695 0.3885069518028699 0.06290010965367564 0.04440444841878971
0 0.24714839058826912 0.38036639529588984 0.04308448223822056 0.03599400674143145
0 0.34951334319344723 0.38256965704327806 0.049650602426474344 0.04021736510454851
0 0.28265612922724603 0.37700589684330704 0.032369992621882664 0.03225836283067571
0 0.4939276008262853 0.36071215020829517 0.022619189732599142 0.024890798977043622
0 0.32558802357484157 0.3725673641976723 0.04016672229532911 0.032039161301777856
0 0.39305989350438214 0.3694041262390793 0.021189479874667825 0.025816200532288613
0 0.462164216809651 0.3525975023196939 0.01544219396783013 0.015162493126832845
4 0.5249837655467472 0.34259379247999144 0.0278250943025603 0.04924874851081378
1 0.7916433937902443 0.4158706590460426 0.030611501398967702 0.08572465257094636
1 0.6453244824538149 0.39307954700578107 0.01863099392183667 0.06777506629742486