0 0.15593839880880137 0.41063052538203354 0.07624638480235589 0.061291438277049734
0 0.07886023533120082 0.40760621250782775 0.07775575726712618 0.06102259720758492
0 0.034335688018496666 0.4257597713526393 0.06849672845758967 0.061589365014815496
0 0.40235163516327677 0.4076214116339809 0.056512166707123876 0.06488114671157136
0 0.25743914001414936 0.38599900649323377 0.04654599405758125 0.026541343532349708
0 0.3729430952719363 0.38642753533953444 0.029123650938394318 0.03078653852028348
0 0.33658957305933157 0.3741518022494349 0.019047160862121833 0.01838041214183162
0 0.42998785984291954 0.40312752672421037 0.018775821414426616 0.04682204916796493
0 0.35629243764931906 0.37425220001011883 0.021208319426167722 0.025679542638456135
1 0.7104316268509173 0.4546345909320015 0.03847216078227208 0.11630496624511241
4 0.4857885652356526 0.36917081443212363 0.05867634459001942 0.11077564645955523