0 0.943910288401344 0.48152961619089074 0.11217283559254906 0.1463963125458211
0 0.8104500571724244 0.44524190386252904 0.13694193006439084 0.09506046597209494
0 0.2767226062440911 0.42138454105380924 0.05040318636453649 0.038607689642137094
0 0.875922489244238 0.46512362870769186 0.08701781727501533 0.09554179649315737
0 0.4070927767313024 0.4159231922377123 0.03741497498307185 0.036663126269626714
0 0.3047520784891149 0.4172942906414192 0.03631791421261754 0.03347417359711022
0 0.3317242900757934 0.41276372795813476 0.028782767344963715 0.026623141381048387
0 0.5065807426745835 0.3948654517866416 0.01784676951847404 0.021125084959982894
0 0.349990445477789 0.41042607550746885 0.0232580626293566 0.026633582390182063
0 0.7311415340894573 0.43284498048784215 0.040975300873875714 0.06460049238605817
0 0.45177002452185966 0.39079277210105084 0.0177919726243101 0.02481344601509042
0 0.7616293182747342 0.4337402522738728 0.06861259853459731 0.07038397616538368
0 0.43725887869384966 0.38500863202972263 0.013122957842523509 0.013799613288886852
0 0.4189302283822759 0.3879660627825635 0.015428794180869277 0.016131836414803275
0 0.5815473604865086 0.4223708733552129 0.050624145607624696 0.04147279204278165
0 0.5713992052553915 0.41654144913569924 0.0398347469401574 0.03257269686850867
0 0.407078104338876 0.39153472512581716 0.021921776984426104 0.014478308714030426