0 0.1516017960605325 0.43830339090565434 0.07182535341501431 0.061425471002871455
0 0.08053604306886163 0.45670643020585133 0.1158186163165388 0.06904916772627993
0 0.2503224058611317 0.41774222484898127 0.05608090317259046 0.047871400417353986
0 0.20565681114415116 0.4296414253182658 0.0542845082692406 0.050634807389036536
0 0.7822766682210752 0.4265974236839794 0.1183337432287408 0.06357694534495663
0 0.4869314897089636 0.39966130559628543 0.020201788315106297 0.02283245843643084
0 0.3855018646913967 0.4108405537386211 0.024782020150884095 0.03416023739155669
0 0.5887289725652213 0.39900765367733537 0.021532734007691127 0.02804296946595491
0 0.6077357094890254 0.4023180054546218 0.03279654003027903 0.03440038060163123
0 0.6460584015117156 0.4056266120918102 0.06583417641366006 0.04476693042445626
0 0.5014094479826758 0.3899425010643863 0.01229975677764718 0.01232328442883981
0 0.658235239573219 0.4123360940554741 0.04698963430409342 0.0427132734222263
0 0.4631328941463742 0.38795700893607193 0.014962197129880417 0.015113480046813905
0 0.4331017008397 0.388824865615263 0.009371316930064391 0.01190021473874328
0 0.44442751518742335 0.38761497639258 0.010304710656428864 0.009489087415230938
0 0.412277907888517 0.3989330899563936 0.0107036599933565 0.01948835236818793
0 0.4238916804141328 0.3909927174259607 0.014065783821162102 0.012281878369761119
0 0.5351594439901881 0.4022482893450635 0.022076860179885527 0.020527859237536656
1 0.9938409388893857 0.4340362697985398 0.012318122221228536 0.07577965103402981