0 0.19888626934559933 0.46256925073886546 0.16082680079163048 0.11264637698176319
0 0.27738064308197696 0.4395324766694159 0.08634880109585803 0.08891074142381476
0 0.32909115707884046 0.4275022862826857 0.04925766677419767 0.06731658667063783
0 0.5462367509294511 0.41607994161626344 0.04028280387622649 0.04282973542124878
0 0.38321702634323257 0.41179408635561765 0.0378151719724167 0.03807657042323436
0 0.35397404992765613 0.42054023630807824 0.03119363106379037 0.053403703348377934
0 0.5830274505490469 0.43005306956122463 0.06037554737006848 0.06478440330408419
0 0.39763721831002785 0.40720065388162113 0.02990795020090198 0.038140081590221774
0 0.4733121907818249 0.4000039198531433 0.012099184175056215 0.011012699130926198
0 0.5255572365037945 0.40771484375 0.016955845880391455 0.029573889888043745
0 0.5081613935219491 0.39903041507724674 0.016222775226134505 0.01720508265938111