0 0.07721491242078904 0.4746583731642916 0.15442982484157808 0.19278324011600378
0 0.3166776019242194 0.4546377828976509 0.1292311636424903 0.115224411294141
0 0.19686058711927637 0.39036773353494625 0.12628837579210955 0.05961261350271872
0 0.4257109822158626 0.3814383886193716 0.042515502829875304 0.04156956528172349
0 0.5215658467028439 0.3636528902622495 0.03479967093916087 0.03176691944648094
0 0.37658133705619506 0.3630462378001283 0.04116362152972966 0.037581905241935484
0 0.4058143072993855 0.3441472505660817 0.01855605991765893 0.019335167848469576
0 0.5079037033916982 0.35814197648422225 0.02476525170239677 0.029885210948955278
0 0.39711506329690055 0.35374386545966213 0.020886799398252248 0.025426959711785192
0 0.43466298812155046 0.33003670402519397 0.013307460681980784 0.012209447597828079
1 0.39329517579721995 0.3626588465298143 0.009811937857726901 0.03128054740957967