0 0.0729449280733372 0.40460488476944345 0.09882718427007742 0.061610724336357524
0 0.17562751426915116 0.42164517847324046 0.11932672483455131 0.08484584774789222
0 0.28886801594120504 0.3844638947517641 0.04832921375140536 0.037709554036458336
0 0.3394906394128807 0.38829960827720245 0.03709135889909546 0.036785703716856064
0 0.155658132408061 0.38999906150243613 0.0640417615215211 0.04046025280845247
0 0.4829611602808156 0.37317531432807155 0.02540370039733238 0.026916056434429986
0 0.4494615182073411 0.3641985373995754 0.01621643715185507 0.01674248629184995
0 0.217996411701742 0.38643453081565404 0.03842945364003092 0.03422315192945076
0 0.23060888631950122 0.38456388978781003 0.033070374782808665 0.03406749139899499
0 0.3808805351849959 0.3652340319382713 0.015842490769368358 0.018274003343032134
0 0.43264603322388595 0.3596912432509317 0.02598760172858749 0.017479144233412756
0 0.23415944309187833 0.3838939349788841 0.025985231188994786 0.0344430097503513
1 0.7300524582944731 0.42588494413642475 0.04539723057095769 0.11671371683696848
4 0.5203120558357395 0.3525018775917568 0.032147760773328905 0.057887430647834186