0 0.2680100622668387 0.4225045033563966 0.10288306522447363 0.0844432424356977
0 0.576958444989907 0.41722910891297044 0.07207977469593213 0.06546423232450513
0 0.347516350734458 0.40466756065570014 0.045545277006784034 0.04080227043621701
0 0.4389703084675874 0.38412756001611376 0.024282360310839125 0.02331859182169477
0 0.3871511988043298 0.3905319556928916 0.026712512736035875 0.026362474130162513
0 0.36656205184325175 0.3987980727925678 0.03058704741159035 0.03691958728540445
0 0.5443972122055141 0.40790400500404755 0.04110545597403925 0.05427045626374633
0 0.39978894462179965 0.38711664194235706 0.018562248273648302 0.02420524231732649
0 0.3169351672892286 0.41447490494505285 0.029051611487824508 0.049994564708959556
0 0.5050052072021285 0.38138048576586175 0.013813358784111815 0.02492600009355144
1 0.31275551921504496 0.4208211143695015 0.02698282910874898 0.06744868035190615