0 0.8624355911916138 0.5509328385368937 0.2750611449496627 0.24964575147582171
0 0.30578849087556853 0.43884505554378206 0.10737543737703138 0.0858427254685209
0 0.6831680010891507 0.45920503827017656 0.11347009466986917 0.10576354443502566
0 0.36736732414289275 0.42304035086086417 0.05864198424244941 0.06534941105548937
0 0.9399951052100368 0.6705596416693396 0.11906955871831562 0.2723878504360643
0 0.4918564978137137 0.4016557024138181 0.03585139202077371 0.033316156381735705
0 0.6215457495177075 0.42432971107878176 0.05921118822822976 0.06757349515823557
0 0.599162915059025 0.4133646080337778 0.04082238859362224 0.050867254083806816
0 0.04218360558091278 0.5743780947151073 0.08403393773640752 0.17738489950856856
0 0.42445784012801513 0.40249098314451215 0.03810659862402903 0.04365705115354655
0 0.6469526189521796 0.4368413363966657 0.07957931356359874 0.08135136131666972
0 0.45241673267579724 0.39923141941879736 0.02838269512086059 0.03034941821503849
0 0.39519876899625667 0.4168252059324979 0.03545813197886856 0.05517402119417461
0 0.4085756365822069 0.4098738207029341 0.04120713964604201 0.04574919073229777
0 0.5643233941016583 0.39234794549578444 0.02114037227552637 0.020068693487292278
0 0.4664264220442815 0.39367951722205674 0.017800306942457073 0.023976822868936338
1 0.4178250204415372 0.41642228739002934 0.016353229762878167 0.056695992179863146