0 0.8750521019649428 0.634217248284572 0.249832914388287 0.4442711734119165
0 0.08082336650358685 0.5486377704877657 0.1616467330071737 0.23947385189470308
0 0.3464828952842332 0.4203003914125504 0.09034303554431981 0.08161089497227822
0 0.4046827738926436 0.4001303903052068 0.05340925514551819 0.055566364485963464
0 0.43628433739076555 0.3887559251235261 0.03213643208938062 0.0351715535362445
0 0.603912353515625 0.39560670377222323 0.043418154400679684 0.044592476077559874
0 0.4537946400053659 0.38184873519405244 0.02771485173497547 0.029117886271994135
0 0.52210618001169 0.3625572853423983 0.022826898907016557 0.02160963727814944
0 0.46906223749393144 0.3726735492605618 0.02307423352220462 0.02594474427045149
0 0.4827329646537076 0.36558013647532533 0.0205636574221944 0.0254099856140793
1 0.8952493488252504 0.39258650763876163 0.03233984933948283 0.04921623222522605