0 0.7870846465290908 0.5535888671875 0.2602305002906531 0.21975078564119013
0 0.26005609719751316 0.4785655926865683 0.10739828189279052 0.09443224536824903
0 0.11990267238164669 0.5141548611667965 0.19451458884962056 0.15495731357488698
0 0.6656272058494737 0.5015822156083899 0.11640487259173139 0.12396338678175403
0 0.3548555912195613 0.4606380966052282 0.06055134159565362 0.04489058180405364
0 0.03232719085787713 0.5625093969082203 0.06441430015244254 0.1584254886630926
0 0.616426157541969 0.47984662992863364 0.0696969082973477 0.08548361441723179
0 0.5861892263516967 0.46075448402561403 0.0554805078763798 0.059559394187591645
0 0.38155046215041777 0.4540561888574505 0.0360386646485972 0.039202469185300584
0 0.5631091538161794 0.4522089506057933 0.02538114284162919 0.04147601383988575
0 0.4799321596484056 0.4354270420466001 0.018078982586365495 0.01778402170011608
0 0.5103825891203112 0.43713711526969545 0.017528767870375103 0.01787670802976845