0 0.14027799043320088 0.4394454583161504 0.06538142830450225 0.07323866738834922
0 0.4604524875993331 0.4218358462157487 0.03343982961659342 0.03700720226776332
0 0.02401802331233551 0.4476878892408205 0.04803604662467102 0.061395341233657134
0 0.2800356973319003 0.42024378622731856 0.03658064485863399 0.027777559013776883
0 0.2441225839460471 0.4223818960777126 0.03977855267528618 0.034292092421187685
0 0.18768508923609337 0.42829004550609423 0.042765232937704414 0.04136829245708089
0 0.350804925452269 0.42069237672688325 0.02884966646757461 0.02799625340794538
0 0.5592535585043182 0.4263822494014617 0.031202189959372444 0.02948502198458883
0 0.31277366008119123 0.4173027776902722 0.02309050290972506 0.021987064842604473
0 0.5115181524443607 0.4117576770651958 0.021282105590121628 0.01900827476822153
0 0.5375357477370579 0.4229401619203629 0.03438555014883994 0.029677106721193794
0 0.04706981156755449 0.44015341839832295 0.022681116960327447 0.05213697028882576
0 0.5386944175838742 0.4229007694844743 0.0326490176084679 0.029416349975943914
0 0.5864682014321853 0.4277283042989751 0.0436280095372547 0.035565746378222754
0 0.3809918382571354 0.41008784647444707 0.01650576774740648 0.0181965907181696
3 0.21724916771602554 0.4277504243226112 0.02502742090482548 0.048071718635447215