0 0.2194140941903714 0.477894549029547 0.1769195706358915 0.13437790558368462
0 0.3222534978185047 0.41841180676472384 0.040885170463256335 0.034277415345491204
0 0.9735369428882614 0.48437286705099125 0.05292331948206255 0.12090506604922716
0 0.34812893559478486 0.41456089411313235 0.03090884192303761 0.03345872090359238
0 0.3665253459091374 0.40989911777649224 0.028180275992692152 0.029936013916254278
0 0.5428344027877147 0.38796279623827745 0.017205526082123876 0.020319128549227152
0 0.42364173820539275 0.39166047962296857 0.02019527556948845 0.01841447966306207
0 0.27513538026848683 0.42476714461430076 0.06218169891532093 0.041381388465679986
0 0.4709253818016021 0.3785793270882973 0.01702781047181623 0.017180352383461633
0 0.38585845622875997 0.40759234088140733 0.024992449207571033 0.02481055236398766
0 0.48837599672456306 0.3800167855629124 0.015303754455616313 0.01587295905119746
0 0.6440821450359004 0.4428863376233352 0.0877209442712592 0.06132839944938294
0 0.441759485352361 0.38777171085540385 0.021548853676921505 0.016604903622922777
1 0.6213501675247853 0.43866839366924026 0.02131259821519828 0.06441174877237597
2 0.455437448896157 0.3993157380254154 0.029435813573180702 0.04007820136852395