0 0.8222304911079313 0.5244108854500779 0.2777342153004906 0.20704715016533787
0 0.6750432635952193 0.4704921867840451 0.11996143057223528 0.13175891268404813
0 0.2877595141980849 0.43671388150659823 0.10087052701636601 0.07211068042445626
0 0.4456513623965147 0.41011257675036655 0.04442610783549673 0.040778882575757576
0 0.3858378325343035 0.41087451684976023 0.041655471065642886 0.038075406996502324
0 0.3408183287326566 0.42569867653348 0.04880484380589483 0.058422398124389055
0 0.40851190649673574 0.40534070743027556 0.029261217093916086 0.032057955118218476
0 0.5644529253756132 0.40955581739617697 0.02082341865545789 0.04089191395749328
0 0.5512731743950583 0.39782506023567327 0.022798901586774327 0.028998023487139542
0 0.156598740684528 0.47353759049670086 0.12356315980850432 0.11864064981977028
0 0.10980341536581564 0.4887755721195702 0.21922586167433764 0.2070937468975287
1 0.08381030253475061 0.49608993157380255 0.08094848732624693 0.18475073313782991
4 0.5220768601798855 0.3890518084066471 0.038430089942763694 0.02346041055718475