0 0.11256071942221017 0.5008929001853846 0.20528026730528837 0.17463085961365163
0 0.24524809119161387 0.459584315384821 0.11098821457545482 0.11198399936232283
0 0.6641619628507002 0.4663423331252291 0.12307681865801308 0.11119823884637707
0 0.0345321986473981 0.5504773271398461 0.06895552941111395 0.1962354852074169
0 0.3691060650280432 0.4267027734661382 0.0517089045252453 0.05009005519535068
0 0.3090338344371231 0.44437822358699136 0.06248480359355836 0.07988108824192021
0 0.5858418549656965 0.43387883429653135 0.06475889965441026 0.058890006176304376
0 0.39146569315176566 0.41979276446419844 0.041042474480018395 0.04555078172730327
0 0.5518820786807543 0.4197449446423662 0.02405004743075429 0.037618120627902006
0 0.5286666109049213 0.40677935916307734 0.019905146476390023 0.018792802171157134
0 0.48849811694315975 0.4066972779155593 0.013103394652621628 0.013352588940692205