0 0.8338805204127913 0.5361387489594789 0.29299240548983035 0.24328452191394795
0 0.6925579579463282 0.48591742044786324 0.10660576060085343 0.13271617423287818
0 0.6206978449349704 0.43987652283609785 0.0927743358097404 0.08582837653882576
0 0.06948431368646131 0.48212357536905087 0.13445944037480326 0.1738306010107374
0 0.568706746386 0.417317872406334 0.04488429570919358 0.04543172439172471
0 0.1652167905868318 0.4655870603559537 0.14745357635073844 0.1240767164780364
0 0.26046337461432567 0.43662291048558927 0.08418442358857574 0.06488762013723423
0 0.5793276870240954 0.4310821205057124 0.025563499718928864 0.05654098794141007
0 0.4995906452419128 0.3994106318827132 0.015763289793923753 0.016810442345582845
0 0.554537881522128 0.40946377244279997 0.03369509930115495 0.03878870690906036
0 0.5366409813295303 0.40109434901560975 0.023336240529819093 0.027095611960074536
0 0.009108229073484901 0.4830100319602273 0.018107298198091332 0.17139710009622433
0 0.23400984332879254 0.44374502113021597 0.0921831357118446 0.0755666842791575
0 0.009216150282619434 0.4835998296504613 0.01832247602213433 0.17507203699673143