0 0.7149657205003066 0.4993306716516221 0.1807770499029027 0.15254988535175343
0 0.869359612952269 0.6186553268954668 0.2606579460087899 0.362771967405914
0 0.6572885209190388 0.45843398466138197 0.10825964864510937 0.10085179542399804
0 0.6164233877536028 0.4378020434785099 0.08165316141148814 0.07306445169309017
0 0.5830668514123825 0.41119699487471745 0.05580310088537408 0.05722439673639113
0 0.1335340641798392 0.40926909236963893 0.08931215649633649 0.04334838509210044
0 0.3141042813841476 0.40834155786538523 0.1382550093743612 0.05973047758011058
0 0.21436188168342446 0.40203491986555323 0.044064937413762266 0.030863951145146017
0 0.555272474312334 0.39867917952998994 0.034034610476926616 0.03855575307956073
0 0.259301697925184 0.39881582250809505 0.04182495216999693 0.03045326150873656
0 0.1742605613278056 0.40059301650419266 0.04242457392170891 0.031651620874190496
0 0.5409924186650399 0.3915954470517931 0.021362604124080132 0.027397267629673754
0 0.5016550109314314 0.3826842098292018 0.014729834343698896 0.013719635158922898
1 0.5220768601798855 0.3890518084066471 0.012264922322158627 0.02932551319648094