0 0.8489640392637214 0.583975574720873 0.3018349673254804 0.24950927257071726
0 0.6630602857663022 0.45196337807096926 0.11325889206868356 0.11047718275560545
0 0.17864290925195153 0.43434137100115316 0.23306577593599884 0.09905919348156464
0 0.5875847505333963 0.4205905619721026 0.059156690770645955 0.05905712198535252
0 0.6092479141247829 0.43585484002226144 0.03385175453866006 0.06750222781303458
0 0.02180983449042282 0.42046498646367914 0.04361966898084564 0.05000062049425709
0 0.0572932298711744 0.4141908647494349 0.05998822303453821 0.04583280829973118
0 0.5599654689735794 0.4073879805012066 0.03450946698691742 0.03644210502199414
0 0.01096805313621889 0.43221458218780545 0.02193610627243778 0.04344945406051442
0 0.5050733040710599 0.3946679228095598 0.013575057172424366 0.01483216942929802
0 0.5469958226600828 0.40174166175044296 0.02628693849652494 0.030378086242974094
0 0.3082583810302535 0.4315738025415445 0.058871627146361405 0.08504398826979472