0 0.8862217351830796 0.47560312041788855 0.22746909415244276 0.15732655753604594
0 0.0708834616161231 0.4325439363630636 0.11198938390025329 0.070597121908984
0 0.6360925532518014 0.44503363556176684 0.09109584405981705 0.08954251197076613
0 0.1537174340261364 0.42024581476623596 0.07799186301055933 0.06498376691562806
0 0.20376261276781607 0.4158408275913749 0.042362914939250304 0.04830156999366141
0 0.7804714149855632 0.40867121035519 0.13883486831178454 0.0661730873503177
0 0.7970722039410645 0.45296385048188537 0.11293914370720053 0.10452273490957967
0 0.5018273117302484 0.38991650295164343 0.03158966089406173 0.0344258566639174
0 0.2688224461852578 0.4035221073750993 0.03961004473981756 0.039470266153852025
0 0.3760228379281544 0.37593661818220003 0.027929323185494175 0.023499131785343352
0 0.23658680077566052 0.4078523816717452 0.047277467716744175 0.04474709250710227
0 0.29418643380615034 0.3995282871399224 0.031845878794460346 0.03400481551273827
0 0.527954900060047 0.37578267296038764 0.02367704926410466 0.024864129656570748
0 0.44938201779531634 0.360046252477204 0.017941291665602002 0.019645056999557063
0 0.39355649659600495 0.37192021553583976 0.019383652719043847 0.020677165668148215
0 0.5629504274756618 0.3646257834933254 0.018183635671121218 0.016991877252871455
0 0.40479457602575 0.36861818673440555 0.01538263104143244 0.019219690287451123
0 0.5441947182182006 0.3462417319140243 0.010986078594516557 0.013864049230968964
0 0.30938024513076195 0.3952356750547944 0.021566220998569093 0.030794026215405057