0 0.12393028465139992 0.45665984838938783 0.15287218694304797 0.1045501798478739
0 0.20564976190799392 0.40468220789994197 0.05619563728887725 0.04689015437897116
0 0.29611191082858496 0.39444536524201185 0.030367610304451145 0.02567766325681207
0 0.3274755719637929 0.3968826398355404 0.03424631213907911 0.02992115785182979
0 0.5146948501699202 0.3953304645020009 0.046050750907093214 0.027812223164100685
0 0.4514521725920508 0.3737040619463282 0.017122931492104455 0.019497898433681573
0 0.3185279577946137 0.37300302276163855 0.01879458610678148 0.017494895241477272
0 0.3456858949201183 0.39219505929061277 0.02161181021789401 0.02579263368310117
0 0.42711868348515436 0.3882563675836617 0.023742825499540064 0.024752500353204424
0 0.33306073791553814 0.37170422088831867 0.018015601843571136 0.0159230758950391
1 0.7645134914145544 0.4335288367546432 0.044153720359771054 0.13196480938416422
4 0.3630417007358953 0.3709677419354839 0.03434178250204415 0.04985337243401759