0 0.8567898392384888 0.465046022178374 0.27073842857279745 0.11338885205698619
0 0.5947812595819706 0.43344823216413125 0.06980235987965044 0.06820085064989614
0 0.9433983516615136 0.5530285429744777 0.11270243909060712 0.17875681827727885
0 0.8655017968191052 0.5105560392228738 0.2689964063617897 0.144755105235826
0 0.5531001617356781 0.40443970800494866 0.03334650521578598 0.03435694600363514
0 0.9877261943926309 0.4084191643947031 0.02439190419307032 0.06371610908098119
0 0.5703458871786846 0.4246198518068793 0.03963063100470155 0.05344997193456745
0 0.8110800467839713 0.3846049229537054 0.02949664910504395 0.025026203949780057
0 0.9681005220576963 0.3929180096787558 0.05553151190719542 0.03395872591527676
0 0.5411940143426129 0.3971080761384638 0.02423774426039963 0.028202985388792155
0 0.531571270497432 0.38755416497224005 0.02184205199496627 0.027858969053564882
0 0.8954428347621116 0.395090082640289 0.09919515439748569 0.03273250397116324