0 0.21849930296154754 0.43106902449711326 0.1020785664693313 0.07730833409701857
0 0.2675400840777992 0.3908048389244639 0.040236116722774426 0.03559056614850623
0 0.015056296866250058 0.41960370762024224 0.030023603997850458 0.08809702883484544
0 0.4327478167080821 0.3859676387186507 0.02379457812180601 0.024101995652721774
0 0.34976873764325045 0.38740902002955463 0.030569754949087796 0.02669652675953079
0 0.3289384568994979 0.38279413873965207 0.022513214136281174 0.02236974274308101
0 0.4576989187145467 0.36895217970086447 0.017132812899248773 0.018770010939791054
0 0.5375683863242922 0.38800214392698407 0.05317100343992743 0.027562205742531157
0 0.4362422915043055 0.36144700334685054 0.015476728986738552 0.01706424836189516
1 0.6954210956663941 0.4115347018572825 0.033524121013900246 0.09188660801564028
1 0.713818479149632 0.4115347018572825 0.022894521668029435 0.07624633431085044
4 0.3712183156173344 0.36608015640273706 0.024529844644317254 0.04594330400782014