0 0.06636803128732977 0.4372803062521001 0.11559452858501444 0.08620869775438356
0 0.15365824539546388 0.4277685021841398 0.08299956551752223 0.06603604164757454
0 0.21234861359865279 0.4191217655543591 0.06001488848582507 0.05333446454209433
0 0.3651796529649811 0.3836266302293347 0.03688140395032707 0.02967967222629521
0 0.536289817080182 0.38563988052621734 0.0279541015625 0.029507156923952223
0 0.01452865162811022 0.454214027084097 0.02875905947566325 0.07763039448161047
0 0.3905529730259544 0.37830747304191104 0.025565620728038124 0.026191241580370235
0 0.4605337347247419 0.3658089139011715 0.02213530021910773 0.022402736331943427
0 0.5689097144812321 0.37496023467092804 0.023163365810890228 0.02413030570320137
0 0.4778805948726875 0.3748451896660023 0.01862061345372547 0.019092757447840298
0 0.5958006415129292 0.36616372922298845 0.016173268378219544 0.01576529733130193
0 0.43114959891468213 0.3690672097900629 0.019683862843673343 0.020178294251741204
0 0.414455747565381 0.37286576823871276 0.021890735392285875 0.021766341909518573
0 0.980346030908243 0.37934887420863117 0.03885239533294154 0.02645683102127627
0 0.40599295864900603 0.37556309853830644 0.016574563301691537 0.02165769575161901
1 0.11756077265018142 0.38920973612765764 0.014087168583593112 0.03149664646719208
1 0.1659903038941927 0.3815002739720797 0.015046001942744532 0.030022853280791788
1 0.2775960752248569 0.3870967741935484 0.012264922322158627 0.04105571847507331
1 0.705233033524121 0.4022482893450635 0.01553556827473426 0.05180840664711633
1 0.7289452166802943 0.39638318670576733 0.012264922322158627 0.04594330400782014