0 0.15993020657331167 0.3879927321030364 0.056457631819967546 0.03917806705538245
0 0.6690924356730377 0.41740511449550954 0.08291289110409852 0.04823972938813539
0 0.2184191350554796 0.3920183228374343 0.049564763940170176 0.03734692287351845
0 0.29144638947356655 0.3882040879593567 0.0527361217133841 0.04262598658586877
0 0.45306725864613145 0.36714006798707843 0.019425948135987327 0.02003802675189394
0 0.41919842374587973 0.3555555893645375 0.015095022206216783 0.015872899388288123
0 0.2014272070671824 0.3820748128732512 0.0309502390302407 0.027070941347064392
0 0.3150619045204543 0.37258427863246885 0.03213643208938062 0.024600688080400782
0 0.2015537127840256 0.3773042113899835 0.0303073112631273 0.019174883442540324
4 0.49194181228600264 0.36914753098175557 0.03919355340990392 0.0538521894378513
1 0.8537701959992079 0.5752922796433971 0.1123986107739677 0.2690860155390854
1 0.9630613038506746 0.5961968654062042 0.07269900954364268 0.3104370355839137
3 0.24753946723844414 0.39194213330221317 0.017111078794140946 0.039698715433696845