0 0.09310776430227088 0.5602508873067876 0.18612260496333694 0.26072011222354596
0 0.24190816310031046 0.40589593046454975 0.03234850804725828 0.02941351598775049
0 0.3187035274427637 0.4059775791559751 0.02514483747380928 0.03097143387631354
0 0.3064007513462669 0.401439394536023 0.017498624587975267 0.026096884689256476
1 0.07279743996196757 0.4132317834818701 0.024278049671737658 0.04605827443410924
1 0.04326585347011064 0.4035302364464962 0.014909165663886831 0.03646787939882698
1 0.8517365475122011 0.4498244776870265 0.039781197698410674 0.1156802359214626
1 0.13576197526733697 0.404459874068304 0.014029402276676206 0.033717657930107524
1 0.6713000817661489 0.4628543499511241 0.027800490596892886 0.12609970674486803
4 0.44603434178250206 0.37145650048875856 0.2428454619787408 0.48289345063538613
2 0.2804578904333606 0.40078201368523947 0.044153720359771054 0.04105571847507331