0 0.1727069845378935 0.4213215817687332 0.0807836973949816 0.05583222240996151
0 0.03153766809870548 0.41983652720819586 0.06307533619741096 0.05330672128925342
0 0.11773277713154928 0.41694952851982525 0.07292220832281979 0.048192297375213834
0 0.43366953240782147 0.394349352705164 0.026503780486636343 0.025324965968276516
0 0.4770540500993331 0.3952271134273048 0.027531047580871833 0.024598749035847384
0 0.3852004568204466 0.3968087771537833 0.03053389741861713 0.030286414182780424
0 0.287023112311874 0.40121075135172285 0.037358955389539046 0.03177360169232649
0 0.3442414128575672 0.3879476120278516 0.018409335993394827 0.019054334534228373
0 0.3582236538728728 0.38023131846915476 0.01981334421153158 0.02245446407433712
0 0.5007062710803353 0.3924530267948512 0.02451716849575838 0.017864119155898705
0 0.4572389342213691 0.36965678374438693 0.011309070852284341 0.011755770835242546
0 0.1632863978138734 0.38790331231767017 0.053929650968737225 0.018718611343398705
0 0.39348374598355734 0.3789632429941425 0.02097722924545176 0.01631956575902676
1 0.3000817661488144 0.3998044965786901 0.011447260834014717 0.039100684261974585