0 0.8758669437586237 0.4820911336620998 0.18626437495209014 0.13884638900980573
0 0.7590120179869557 0.446401840314371 0.13396058975431827 0.08671368461899744
0 0.9435990739823947 0.49935701282609357 0.11136236058232829 0.15085241591825513
0 0.47733070454632565 0.4270177041330645 0.038666345404486914 0.035981030058651026
0 0.5579531303898584 0.4231109320826078 0.03351878106155458 0.029341532687637464
0 0.9725535931591118 0.5415475944153607 0.05462671437423344 0.17032277991927847
0 0.2800857406703547 0.4312208367699169 0.05332676036769215 0.03820651623976662
0 0.5326097664634224 0.4160786737794401 0.021878283821162102 0.020707951729365223
0 0.5009145292218162 0.42193135161786716 0.022739712956101797 0.025783743909610215
0 0.5126981571475112 0.41185494252313964 0.02007862006847915 0.018237817788520284
0 0.5939792935612351 0.42401977718051226 0.022999973250332175 0.034112119255177785
0 0.34336924143531533 0.42234251855755134 0.030483691885348527 0.026350959188660802
0 0.3072995227180537 0.4280862519235322 0.028975953845244786 0.0329142670244532
0 0.4219850304666739 0.4027104382407747 0.01730416548222864 0.0159129332004521
0 0.7122404483723426 0.4358193405912069 0.06104783239855887 0.0614186992626619
0 0.3749024959635949 0.41694934953109725 0.024372316050120094 0.02350551571664223
0 0.36215445767244353 0.420634503704828 0.02153056309248518 0.025578235018404814
0 0.7841396378574075 0.46762638334421586 0.052529909721867336 0.08908194414215237
0 0.465546377935277 0.39136786288413367 0.015162769732471382 0.014591220769947458
0 0.38977760695475394 0.4151467242198955 0.02359173479181572 0.021041377898185484
0 0.43312360961614627 0.3986167273796432 0.012947088757793336 0.015345001966489491
0 0.7080993402813267 0.43228765433601385 0.05860433009249796 0.0537495692337946
1 0.32829108748977925 0.4340175953079179 0.018806214227309895 0.05083088954056696