0 0.7620759279339994 0.4903346086876833 0.19657781917543948 0.1510865331744868
0 0.5015873382643219 0.42705353171012034 0.06281795174200225 0.058643986169660316
0 0.9252829875306623 0.4577585557805245 0.14943402493867539 0.12363631471277799
0 0.7039699102169358 0.42204647120142963 0.09508009728894112 0.061017018725562075
0 0.9521469403170993 0.510854875820007 0.09560990041138594 0.11723251566509348
0 0.12163761728431782 0.4150611526921814 0.052810650230526245 0.03437475538207173
0 0.15827572589415756 0.4112825813181589 0.038616489213895135 0.032763379526744255
0 0.9131598484291956 0.4297514437230801 0.17000422005953597 0.08016902144237231
0 0.5309320233049494 0.40124830915314946 0.0385196713863195 0.04397884305504643
0 0.8229825260789299 0.41515471904974643 0.0908549473311018 0.03906846629093353
0 0.7644448954846561 0.4060356759139403 0.10404138572861305 0.03055078053404509
1 0.6478147717255213 0.40378444518744655 0.02185358030330131 0.05243394242004216