0 0.29259295709193583 0.4498909570837534 0.27211359106704824 0.13699788292132514
0 0.9659329505602259 0.4819493447580645 0.06805604574432747 0.10827612853586266
0 0.16013026763841157 0.38779307017694586 0.05702099679243535 0.03927609321542033
0 0.4524934632994557 0.36785688801128724 0.018226255477693173 0.018693284438385874
0 0.432260109378194 0.3623940327067296 0.016564731800643908 0.016601025533815983
0 0.2934172061848426 0.3781183565350455 0.04447122294690311 0.02160379031303458
0 0.25072242817913815 0.37537425051453294 0.051542043490967394 0.01838551332057979
0 0.3158893725565975 0.3725668719786703 0.03704125317802024 0.024141850476157748
0 0.20256368117749643 0.3764681997886501 0.035232456609643296 0.017826531523017473
4 0.48766206505838616 0.37180772112028804 0.04226207967089125 0.05676141255994929
1 0.6242845461978741 0.4032258064516129 0.013900245298446443 0.047898338220918865