0 0.27950197658086545 0.4748535305407273 0.11463437895256286 0.13018813743852334
0 0.03856735158093329 0.6686191652061186 0.07691247915987684 0.26083878175021386
0 0.19400947053025028 0.40504227355778044 0.059591734692003524 0.029988845422470673
0 0.3255426339799034 0.3902703040040017 0.02963828260744583 0.032450238747097994
1 0.7917336489661054 0.499389827426228 0.05424518226505008 0.2178817853433529
1 0.25540715090485744 0.40398042292888564 0.017843375903899224 0.04156440444006598
1 0.9403098629618509 0.47023426402698865 0.0403230281901574 0.1665130346751283
1 0.6884709730171709 0.4252199413489736 0.022894521668029435 0.07038123167155426
1 0.66107931316435 0.4237536656891496 0.022076860179885527 0.06549364613880743
3 0.01108790886567834 0.41854886738319436 0.02217581773135668 0.04790302175930169
3 0.10496625175070587 0.42669811975921007 0.020062986983691487 0.05063137677174975
4 0.482011447260834 0.34995112414467255 0.29517579721995096 0.5786901270772239