0 0.5526796030588844 0.4683690224924395 0.2724834451496065 0.1355773388815066
0 0.13038190196855381 0.44132980689741413 0.2606270470376982 0.1146626551712946
0 0.29127655902653565 0.3879394829564547 0.05005516619927944 0.0416900545271261
0 0.21773582701788316 0.391571223910603 0.04804216635977744 0.036665005651270774
0 0.978016613939212 0.4932211300727792 0.04339564675107318 0.09623024680397728
0 0.16213485206235947 0.38663842880830734 0.054646951296440614 0.03675089040925892
0 0.2511351890283243 0.3855875859861849 0.03941109408536897 0.038223251685835166
0 0.32426825684791494 0.3719664542905746 0.03322837748492437 0.02394526118989797
0 0.20195955540055832 0.38434762665719696 0.03323144670987071 0.03204817040108749
4 0.4157808667211774 0.3817204301075269 0.1267375306623058 0.09090909090909091
1 0.6385936222403925 0.3949169110459433 0.016353229762878167 0.039100684261974585