1 0.10589929925352456 0.589368520011417 0.132306458417841 0.3403388626531189
1 0.8140078628053454 0.5325724582168714 0.131591796875 0.2623233142602945
1 0.625685160801436 0.4070592080393145 0.013841356104354047 0.04658593320427053
1 0.7515195158789222 0.4726908544874145 0.04059766144023406 0.13215656597476785
0 0.14587181821185258 0.42380746671764263 0.17258543200114665 0.08631853717046982
0 0.2909322568654819 0.38831755189718503 0.05286652634403107 0.04187289151278409
0 0.16154237312073602 0.37602002692945075 0.04822612023217115 0.016103854510325026
0 0.2196133442814001 0.39412038137486255 0.04186598745799903 0.04138917447534824
0 0.41900587354833146 0.35562824387238057 0.015379611722582788 0.016328455532517716
0 0.25366938318859233 0.384999801919141 0.037595635053084116 0.035944158380681816
0 0.4537430870074867 0.3643556745870372 0.018379816537203598 0.019258322021245722
0 0.3157885622412868 0.372782941204828 0.033783033843520036 0.023150670563370602
4 0.49283348451553555 0.36953198385378483 0.04053962064978536 0.05319944737826857
3 0.24188378397207813 0.3954423324570045 0.020090073517669154 0.04472433110719086
3 0.09362224039247752 0.39051808406647115 0.028618152085036794 0.04594330400782014