0 0.16107071683919538 0.388082524781586 0.0574096030908243 0.038819791284824046
0 0.2900928862252785 0.3880982907053779 0.052302038484387775 0.041700406041895774
0 0.2155715742758426 0.39214547941295513 0.04370737270751354 0.03744390493264296
0 0.25303986768496395 0.38506022553057034 0.037952114301729865 0.0362925002768359
0 0.4195651836504433 0.35552256594422044 0.014239432084589635 0.016463263876160802
0 0.46762092446852005 0.36302892064069375 0.013245477309893705 0.018335456139647485
0 0.31319025122329824 0.3739696961344162 0.027410773887852617 0.02353704756422593
1 0.9838303747668388 0.5119564022836098 0.03204200975444604 0.14922096349393635
1 0.6254565409725061 0.4063905359829393 0.01291889181316435 0.04590714828476295
1 0.6708912510220768 0.44281524926686217 0.03515944399018806 0.09970674486803519
3 0.242033389973426 0.39559872385809963 0.020443932696238756 0.04629910376764113
3 0.09232386154711295 0.38966650044580126 0.021106517227185328 0.04362930790070565
4 0.49256908201528005 0.3691654149388288 0.03878082999029027 0.052193829041422286