0 0.16082713765778311 0.3880436693118814 0.057228818255570316 0.03883801830362598
0 0.21579313239209105 0.3921383347795623 0.044122741150251686 0.03756552777332295
0 0.2911647194638568 0.38800263614598607 0.05265352712336468 0.042206258018695014
0 0.419446569335139 0.35538832439821605 0.014570583989165985 0.016348651427327714
0 0.2533519679371295 0.3851133702670607 0.03725065915972506 0.03648357074398216
0 0.3141589784661182 0.3733581214822749 0.029757558178531276 0.02355578171775721
0 0.4709891867462183 0.3574488426350195 0.01422772910491619 0.027903209100837
1 0.9486186790934178 0.4960699743306299 0.04879698359566639 0.15929537388120113
1 0.6642932408380392 0.43213202363701275 0.029994911574381642 0.0927875477780578
1 0.6267375306623058 0.41055718475073316 0.013900245298446443 0.05278592375366569
1 0.9758789860997547 0.4975562072336266 0.03515944399018806 0.14467253176930597
4 0.49139069926027185 0.3680696161145222 0.03726049066077269 0.05010401631613514
3 0.2419667154282502 0.39550700705072395 0.019980105433616106 0.04581371616874389
3 0.09212946170485614 0.38959102686549213 0.02125232412692278 0.04399975490476845