0 0.9140824873917237 0.4993462884181406 0.17161563801551002 0.16880292696687133
0 0.7805937348285467 0.4516467619268542 0.14157760757358953 0.0971591983023277
0 0.4768587675429911 0.42334029122182004 0.03885304411219849 0.03637844469773338
0 0.5574475067712592 0.4206673183049624 0.035169225585139005 0.030341483048096897
0 0.2661515841792084 0.4276401076032502 0.05641904193070319 0.039296975233687685
0 0.9831787508623774 0.5389539135050098 0.03308933909955029 0.14792439897971651
0 0.8262959166033192 0.47564504852742395 0.07568484140241721 0.10072462393274988
0 0.5325018445293336 0.4121183691835823 0.022089336704057647 0.01912730227234543
0 0.2964878908845117 0.4242543568242913 0.03363483768940362 0.03447120047501222
0 0.5972899891564033 0.4224433637900553 0.02852792186222404 0.03530215564477945
0 0.3534071540988476 0.41615777188149133 0.025864633106347096 0.025969414883461633
0 0.3816349656486355 0.4116973727795852 0.018720924708069298 0.021357173677297166
0 0.3341558149186491 0.41854527269290687 0.02875761467223273 0.02728158124847263
0 0.41820127498099574 0.39801101460834404 0.01839456378877504 0.01675265881789162
0 0.5005802581861969 0.41764947885641956 0.022776443843264514 0.0258666455221316
0 0.7139782784712285 0.4328478741389449 0.04830201492871014 0.05556579768832478
0 0.3680352423879229 0.4126531278399545 0.02395495136351441 0.02492600009355144
0 0.4620468875763364 0.3870595445381232 0.014811979778848119 0.015211894015762463
0 0.6326867116832967 0.4028381616139342 0.03999858865558565 0.016140219053564882
0 0.7370795111917416 0.43916953227620203 0.08300441888542519 0.06974949095605755
0 0.38803434956785315 0.40951324791036625 0.018635934625408832 0.020760097112124266
0 0.30905152614839915 0.42314162864946087 0.021309429178058566 0.031415355753222754
0 0.5115333987568991 0.40626642221579456 0.019317053033013083 0.01956164825230633
1 0.3221586263286999 0.43255131964809385 0.014717906786590351 0.04985337243401759