3 0.06005914912590314 0.5278592375366569 0.11936286898392298 0.23279393290261485
3 0.23106104803202296 0.41322111873682643 0.020863817640727207 0.04567246423089259
3 0.07808667211774326 0.40860215053763443 0.028618152085036794 0.044965786901270774
0 0.14922622842858876 0.4068563392318472 0.05951496663877249 0.03964155836655364
0 0.2812526200700761 0.40489441395272024 0.050557820405125714 0.043140370358702954
0 0.24292926679160493 0.4026204665734971 0.041071145532565925 0.03672198372968597
0 0.20481462080948487 0.4102570654010493 0.04509380150309178 0.03807862879360643
0 0.41382653149833276 0.37176524112884135 0.015505250320996014 0.014526516344773338
0 0.30865820372387315 0.3892221161813447 0.03581955193108647 0.024183644344147118
0 0.19200727536068135 0.39795136661473607 0.03171406431658192 0.023986995394978006
1 0.8454642993742973 0.47939511594651146 0.03659908516136039 0.1274589471453446
1 0.7920808456807671 0.49613572285671736 0.05443193087885834 0.1594268709333761
1 0.6424543329271643 0.43460142670721835 0.023784996151241824 0.07603769311690493
1 0.6234668847097302 0.42473118279569894 0.012264922322158627 0.04985337243401759
4 0.4533350797140101 0.3734439465773537 0.04508781277148917 0.041120542226066106