0 0.48769527756573233 0.38961186413657745 0.0340195388357267 0.030408335338007086
0 0.3618754576389066 0.3915944327823344 0.03838090748447721 0.03475340603616813
0 0.4305692533928161 0.38569357714461905 0.02743145996492999 0.02543695324909885
0 0.2691212339861317 0.391244957290903 0.03819600539624642 0.029355762291513928
0 0.4620156463598094 0.3668218558601387 0.017385637185072567 0.01666701271154081
0 0.30856986993273455 0.38625020225726264 0.029765742778388185 0.025799823063676074
0 0.3833578363950391 0.37394932125087826 0.019280247286705337 0.018303417157334433
0 0.43509754545846535 0.35871912563767716 0.013130543569220155 0.014831184991293989
0 0.12899116834264648 0.40852275412103645 0.07545177369261996 0.05767455338732588
0 0.3632814246713384 0.36703131741908757 0.01704283220691946 0.015329758093154325
1 0.12963785466266672 0.41542363469784793 0.017217491068804935 0.06922833544301381