0 0.12894060410930794 0.43400985404543163 0.08823314301809715 0.06337009403829118
0 0.2420081998711225 0.42367917654684445 0.05709544421217038 0.04687678988728006
0 0.020703724475055082 0.4369697309775553 0.041333977282290955 0.059765917348255745
0 0.05871087960892784 0.4287919746466047 0.0612963023774466 0.05115602256498961
0 0.28628488885313397 0.41068632511798936 0.04015966058264769 0.03247565514647483
0 0.3908038509740073 0.4043703946200284 0.029530859734323896 0.028072562268985215
0 0.4375356579060839 0.4008008522488621 0.024363008563087693 0.023610910245983014
0 0.4685632264331434 0.3993959100598347 0.02453777971369072 0.02192477676525843
0 0.10160981721792275 0.4165359303165857 0.04665422790477438 0.03287769366103067
0 0.31183728446554965 0.3958091101921432 0.02587803289330795 0.02375532431802908
0 0.21427806439403618 0.41623358852352915 0.030989340456996115 0.035062251086342255
0 0.3367640697264028 0.4008200786213954 0.02535638941767171 0.019889764422195748
0 0.482788884435047 0.39497329249526514 0.014683671204262061 0.016437907139693304
0 0.45378391019457787 0.3771410333329515 0.011629917147894521 0.012202317880162513
0 0.35716442192370834 0.390615394271597 0.01953831171268142 0.020128475722446238
0 0.3962141833925286 0.384429439421623 0.015430715565591783 0.013717009990912146
0 0.4324859344657093 0.3778048726936706 0.012321615647996728 0.013773779249144672
1 0.7713215314065055 0.44788419512826094 0.047286226236713004 0.14279485051816043
1 0.16451725059128744 0.4038438396136898 0.01462863725613885 0.03470421396742119