0 0.16055864909586123 0.38805232043373505 0.05675212769652622 0.038870594252123046
0 0.290639120930058 0.3883123164768909 0.05205667516001891 0.04165204925387952
0 0.21565078148954928 0.3922587494463282 0.04374603745592293 0.037384719326582355
0 0.2536906182327333 0.38519367654302605 0.03735598597678608 0.03613615362292277
0 0.3136932797248697 0.3736826727933315 0.028759735681341988 0.023639279959371946
0 0.4200303958072491 0.3554068348158373 0.014839328319833402 0.017255557480678762
1 0.8807782775928812 0.504312718485574 0.07086975147562347 0.19405340379284275
1 0.8477843839032476 0.47286569664322153 0.04276717927547526 0.13871023825070258
1 0.6599534066700097 0.42613042717688476 0.02654051137379906 0.08259840561614125
1 0.6259198691741619 0.4100684261974585 0.01553556827473426 0.04985337243401759
3 0.24207306532029332 0.39563980177117697 0.020971490044332585 0.046374696673768936
3 0.09241614103902097 0.38962816702655334 0.021594505278867283 0.04379135236246029
4 0.4778726847563624 0.3637929191104594 0.05324890685685814 0.04527889784946237