0 0.1787978084186794 0.4889584985995922 0.23563321379492347 0.17153143113659275
0 0.8850853484084347 0.498128195545424 0.22982930318313063 0.19561451364705523
0 0.3923802598031544 0.4205800613000596 0.05046861325729508 0.04679329164566532
0 0.8021262941648993 0.4052182642245922 0.05590465979213512 0.028959093438798263
0 0.7600784613670917 0.40557073777721775 0.03144767804898303 0.029259705007484114
0 0.41242320948902544 0.41477548668228403 0.038156854063394315 0.04241946342520467
0 0.8531297510604048 0.40296761521146446 0.05509273750511039 0.030826095029172777
0 0.43510241130289246 0.40434101063718075 0.027943022409035158 0.02870946382613942
0 0.5926547358490265 0.4084002661681711 0.03266758267643602 0.03476853058368463
0 0.5217724080370375 0.39504790096338893 0.025314418390356704 0.025732075830125857
0 0.6254167907664938 0.40981541071469485 0.05094379415691435 0.040748364997632576
0 0.45777095816511654 0.4000643732960273 0.01468207420916803 0.01661131738567632
0 0.9615533412331357 0.39585342481805197 0.07576044913890025 0.018470413640563905