1 0.8393923244024044 0.4835869872092268 0.035985639420865696 0.13380191985696174
1 0.7858686844832763 0.4983277978086052 0.05373893482024223 0.16739175000381842
1 0.6279640228945217 0.43743890518084066 0.02125919869174162 0.07917888563049853
0 0.12384650479158416 0.40283907147330156 0.06090533177772703 0.04105022948741447
0 0.262731843762776 0.40191713036679805 0.05129857659827269 0.04439087510691593
0 0.1798001255837017 0.40643758018695014 0.043072629540257056 0.039129441784274195
0 0.4008131424910888 0.36762690241152707 0.014599354853906888 0.014761826859191715
0 0.2223701757772575 0.39899587025274164 0.044503886487185715 0.039101549374159945
0 0.290840928708542 0.38494680633992395 0.03385644571174878 0.022955632512753545
0 0.4629475179502249 0.3735606919751955 0.021248518787050287 0.019593478414436705
4 0.4329879523688228 0.36970406660003513 0.03729020974135067 0.03927337855304558
3 0.207090981359474 0.4095740742464336 0.025399720386121472 0.05055294987742852
3 0.05151267375306623 0.40420332355816224 0.029435813573180702 0.04594330400782014
3 0.11529026982829109 0.4980449657869013 0.10139002452984465 0.18670576735092864