0 0.9033869371390791 0.4740956475191685 0.19214655703827677 0.10334886716840787
0 0.0555815490073877 0.4688402401503696 0.1111630980147754 0.09776787930336632
0 0.8217831328572158 0.44711345474974035 0.1597242628270646 0.09568343623991936
0 0.5414896580593954 0.42877051091497126 0.03820666034788941 0.034917001733565496
0 0.5852257891551257 0.42438212494463284 0.02598760172858749 0.023577409522391252
0 0.7540307407581894 0.4393066376418545 0.04811421828687142 0.06583315792437988
0 0.42194038946318607 0.4305696161145222 0.030432313558807746 0.025837559853830645
0 0.6233593370713665 0.423868651031166 0.025886891225470155 0.02211665268168072
0 0.7078363351517785 0.4263954349044248 0.041693848853996324 0.046114506726157745
0 0.7348595382927484 0.4323855910016877 0.05856749939314186 0.05678945412733688
0 0.5636762617458989 0.42613077023861345 0.021014808536258176 0.027718343576261607
0 0.45448247078297477 0.4262213236192571 0.02130875544575327 0.02091769668713343
0 0.4685171381528516 0.4241941271173173 0.017944735186273507 0.019796988598179376
0 0.43698466964559485 0.4282184052677099 0.023141956095410875 0.02380397942059201
0 0.4780490529020595 0.4204678502833272 0.01862186110614268 0.021766222583699903
0 0.511292876323909 0.4115607447172074 0.015313236613987122 0.01446115562759653
0 0.5476736223122572 0.4018311262829912 0.01487236615584117 0.01622860965374511
1 0.12632869991823384 0.427663734115347 0.012264922322158627 0.026392961876832845
1 0.4055600981193786 0.4291300097751711 0.013082583810302535 0.03519061583577713