0 0.05210992967891138 0.5717135044370112 0.10415574859824711 0.2211857979365225
0 0.2467651866248467 0.4017947319082967 0.03073566776752862 0.028516782460441106
0 0.310008213545393 0.39847490864415325 0.01621019888976901 0.02782176922959433
0 0.7661488143908421 0.4442815249266862 0.07031888798037612 0.06158357771260997
0 0.3417825020441537 0.427663734115347 0.06377759607522486 0.07331378299120235
1 0.09980748348906697 0.4289991540992714 0.026285403884051768 0.0906281681004857
1 0.1541723904800727 0.4001648008881659 0.012686291973023558 0.03262314185835166
1 0.05399890815441665 0.3980678435294859 0.014430859394962438 0.03511314354800525
1 0.6496320523303353 0.4521016617790811 0.03188879803761243 0.11436950146627566
4 0.44807849550286183 0.3670576735092864 0.26001635322976285 0.52297165200391
2 0.2820932134096484 0.39540566959921797 0.039247751430907606 0.04007820136852395