0 0.6994587733720232 0.4885728972165582 0.1742518776669818 0.14544239211991386
0 0.9061058212866671 0.6588768684036688 0.187788357426666 0.3138708746677969
0 0.5891193131004702 0.43706484857076305 0.06321395661922527 0.060136632835410556
0 0.6201496514158958 0.4680392357610887 0.055157665336902084 0.09094190550922532
0 0.09596213959127006 0.485138610660855 0.17427083808480962 0.12120176969735154
0 0.05741679424744401 0.5080118337800892 0.11394683825414101 0.14046092699932797
0 0.5657679011172577 0.42451117581752507 0.044178473783728536 0.048301420836388075
0 0.15148363713836047 0.457376728076506 0.1314353038323091 0.07391619938676075
0 0.4980397633812219 0.40856469714629917 0.015785547913046812 0.017016368877153593
0 0.017991044924869366 0.4293061645149835 0.03598208984973873 0.02482317106931207
0 0.5436276601945779 0.41588329266709434 0.02545979485001022 0.034444113514174
1 0.6364676973806086 0.4118323451962289 0.016197273210726698 0.023274829077697335