0 0.09041955562663292 0.43009850286668344 0.0894392080611122 0.06915948444564088
0 0.03386808867556388 0.4431669621173937 0.06768471469839187 0.08396802736284213
0 0.5729501619752274 0.4186267423956042 0.05738297818824101 0.05156086523628421
0 0.14637279744432874 0.4224646336172333 0.056130734410133894 0.055099979523689516
0 0.47951721540748926 0.4017458829012784 0.033568487533856294 0.03341000613812011
0 0.2115788557250677 0.4117585869245632 0.06178147697292774 0.04384382589122068
0 0.6769407932035083 0.42708260246269397 0.10541869418502146 0.07354357468650721
0 0.2540174782129944 0.40537158298585657 0.04535817905029896 0.04195913424822825
0 0.3821784679946213 0.3761293144636257 0.02391505143921198 0.019972248394351785
0 0.29339229056607086 0.3989493182677328 0.03282815554253117 0.03397570001298265
0 0.3127359061190464 0.39639410501817574 0.02847532083631439 0.030088661469788613
0 0.5376383796248978 0.3739793615257286 0.018931079281224446 0.018336052768740837
0 0.5001865988955182 0.3869504956555856 0.02463175289375511 0.026395199235932917
0 0.32794389077511754 0.3933065345443472 0.022722495352744277 0.026536421342329544
0 0.5094222211486866 0.3702327694711098 0.01709223924264105 0.01811679157693365
0 0.2787676957037638 0.4033889248457356 0.025057152461927638 0.035519656780761244
0 0.3957997382125792 0.3720009394521704 0.016975109633713206 0.017960594080293865
0 0.4421433630480887 0.3611162620089504 0.018403372214840556 0.01683442683513563
1 0.21955489176565374 0.45583133939890336 0.0507926161135208 0.12220604561873778