0 0.35128558354599987 0.43306301859000795 0.0744448994771438 0.06676213925418499
0 0.38587084541726285 0.4232643701696909 0.05057658509748058 0.056113920836388075
0 0.6765603340754037 0.4227249279749358 0.07545133077601186 0.06152528705018939
0 0.6216775016129651 0.41530214609871396 0.051756315317099344 0.045082487551930596
0 0.9487902063477361 0.41488026966680414 0.07725334011523917 0.048812254666116814
0 0.42070698523657885 0.40703674495394976 0.037229873270454315 0.03463849527278837
0 0.4395328998955565 0.4039468476266572 0.017358687892860793 0.02495833739041117
0 0.4506336377472148 0.40050323874137034 0.01757742631464636 0.019535366740744135
0 0.525869773434306 0.39558610515277526 0.02718504861253066 0.02884364570923448
0 0.5879886156208478 0.4009379576145146 0.05255576107995196 0.030734303643160436
0 0.5848212253823206 0.40144900026442604 0.046422201984745504 0.029775997993417035