0 0.16019295593411437 0.38793828969826794 0.056123847368790884 0.039097164150323806
0 0.2524983990124182 0.3856825544221194 0.04124683994595769 0.03812382344742791
0 0.2911833344379216 0.38819030582730024 0.050428763239089326 0.042881105186186465
0 0.45298536274146567 0.3672424942866798 0.019114234656071136 0.019763189560040934
0 0.4190526230844044 0.35550697900915657 0.015130904689735793 0.016121962203308284
0 0.3146854877861815 0.37323939229269765 0.031340829095973015 0.02512992791765946
0 0.21774549632411655 0.3917734215103403 0.048461901585975825 0.03774126487277004
0 0.20152433056960023 0.38208860992103494 0.03169692157236943 0.027517428729075026
0 0.21768030648531722 0.39189085303163945 0.04827238318380136 0.037570062154432426
0 0.20175400466482266 0.37774767087934535 0.031209725779972403 0.020204456437484725
4 0.4929172019927305 0.36914541294847414 0.041224681639028 0.05364927588320198
1 0.6226492232215862 0.4071358748778104 0.012264922322158627 0.04985337243401759