0 0.16162381363226952 0.3880122269586617 0.058791777391659854 0.03883032178832173
0 0.2908332805992245 0.3882426003673326 0.05297250194034904 0.04179685113483626
0 0.21550822472435865 0.3920882626829026 0.04336240929067866 0.03751645503039467
0 0.2530411527669537 0.38511408622197274 0.038464475243382056 0.036375521215175954
0 0.4198819625991734 0.3557071480699765 0.014199058052368664 0.015684633077880622
0 0.31309239784421633 0.3732923431247327 0.027431210434446546 0.023531677902385754
1 0.9107044684721228 0.48882809039551256 0.03958861007128986 0.14481160601096651
1 0.9808495335177331 0.5294541613447351 0.037147503257869995 0.2100438391125214
1 0.6603553503727386 0.42981929536672164 0.029523298960675595 0.08658609548738393
1 0.6267375306623058 0.41055718475073316 0.013900245298446443 0.05278592375366569
1 0.946034341782502 0.49071358748778104 0.03761242845461979 0.14467253176930597
3 0.24196340914934458 0.3954198246244578 0.02071589597014258 0.04672467929992974
3 0.09225775780291803 0.38973630604972354 0.02110108370090837 0.04352030376535007
4 0.4893704006541292 0.36950146627565983 0.04333605887162715 0.04887585532746823