0 0.22426640158877056 0.4816310133053061 0.1799794381891034 0.1414476918568243
0 0.3269271538672833 0.40657610254669935 0.03760189826821852 0.03205643371403043
0 0.2381411386335471 0.40075747731377537 0.03169121980082277 0.0233001261512555
0 0.30994227511514333 0.40163328407563537 0.020768546902148917 0.02884063273231305
1 0.016047134617753235 0.40255964023742974 0.015334457622038373 0.04029089964030425
1 0.6211614975262546 0.4234465210318915 0.01569841186822874 0.05310267413932673
1 0.742762917294818 0.40411809509217683 0.026147800298957483 0.04994746084203935
1 0.102425183025619 0.40274750382319924 0.013517577825563419 0.03516970398605511
1 0.7923139820114473 0.5097751710654936 0.06541291905151267 0.20821114369501467
4 0.46647587898609977 0.37732160312805474 0.21831561733442356 0.4281524926686217
2 0.6075224856909239 0.4002932551319648 0.06050695012264922 0.053763440860215055
2 0.2820932134096484 0.3998044965786901 0.05396565821749796 0.04105571847507331