0 0.8882437805026063 0.47913641757163367 0.2224254842089125 0.11599328720674487
0 0.10106086886913583 0.4430723218274606 0.20212173773827166 0.13642714753062377
0 0.16076652670335498 0.3877336160877933 0.05714045951138338 0.038710787149468476
0 0.2920605713289874 0.3886273366381812 0.05141029139570983 0.04201688794446481
0 0.2514214379224052 0.38567291886226174 0.04025288517126176 0.03793683988957111
0 0.42720838969395186 0.3649422057329851 0.017506509751252043 0.016656213724951123
0 0.4521388305763875 0.36739802057558957 0.01777879741478434 0.018527123235887098
0 0.217850130694086 0.39192101263230844 0.04800030762117999 0.037618627762631356
0 0.3143641174765561 0.37264938578228096 0.03148919992142784 0.0238901923245815
0 0.20129773193758624 0.38203291459517047 0.03192080032211391 0.027412422008644917
0 0.2015715167840192 0.3780765477513288 0.03140332400555115 0.020689366733107284
4 0.48642930961103586 0.37359590800743064 0.049883289602284345 0.05865254779714993
1 0.6238757154538022 0.4032258064516129 0.017988552739165987 0.047898338220918865