0 0.8687559488067252 0.43967917284774405 0.21688850259352002 0.09660161858313478
0 0.655576217788609 0.4363562769437699 0.09053934117564391 0.08111229203896322
0 0.5575490407249719 0.4058286157870922 0.042006011488782705 0.042284983227562925
0 0.019642628270154932 0.4129396440463099 0.03925744501244846 0.0401173402370479
0 0.7204467074752147 0.4204167340857542 0.06683703942661488 0.06847598615629583
0 0.7726423212084143 0.4179651851411672 0.10350349781850471 0.06998939551449475
0 0.6830679643183386 0.3934136592980587 0.058742021013261446 0.02032079911068854
0 0.22461023588016787 0.4054025182043469 0.028293837315706765 0.027904641010661046
0 0.7509470430438088 0.4445695923686843 0.0477970151363195 0.047876054124282134
0 0.25388389206868356 0.4027370478983382 0.028618152085036794 0.02932551319648094
1 0.11355972913865271 0.43776815494600746 0.04399072080972442 0.10267193179908969