0 0.7891540776874233 0.5027283699281754 0.24841887504471585 0.19623062268030608
0 0.6608983287047092 0.4409282755175877 0.12973713660376635 0.12831215658029388
0 0.5888369693584551 0.3914425459308941 0.07186622650820217 0.0673796801972599
0 0.9282209594427125 0.6856218712770344 0.14325525091986918 0.31580830832264173
0 0.3891088278295559 0.3420678341027462 0.06091163866069604 0.030442283533418865
0 0.5515513759310482 0.37288636685816073 0.03696549572324714 0.04746766150988209
0 0.5642469379615316 0.38048918156330186 0.037073692140867746 0.05097667585952774
0 0.5380986136485588 0.3555629875652951 0.028896727916751838 0.036399565367638075
0 0.5704160301975802 0.38061177392625856 0.050051273523737734 0.05088130469895528
1 0.4627964022894522 0.33284457478005863 0.006541291905151268 0.022482893450635387
1 0.4713818479149632 0.33724340175953077 0.007358953393295176 0.019550342130987292