0 0.547454833984375 0.42321440248312253 0.10309336951591885 0.058841351073741444
0 0.2616049017169294 0.4190321369488102 0.18068539735633432 0.08258441466390212
0 0.1604693047062647 0.3877183871301854 0.056756594292179836 0.038663444630910926
0 0.20358870873564303 0.3984001510187561 0.08207760028729942 0.04378511758843475
0 0.4511082197736739 0.36634176334444496 0.01975018804617232 0.018693135281112536
0 0.41919265959171226 0.3558049206626497 0.015312862318261958 0.015821171645894427
0 0.2909057816811887 0.3734581463497755 0.045513162433565006 0.01574912868287207
0 0.25146272274089077 0.37394183355575666 0.04218542390637776 0.014766122588663857
1 0.8449217452441486 0.4972054340739171 0.06200363396233647 0.16449162547539406
1 0.4470147720049954 0.5938548873946115 0.09727601544933054 0.33333929962426684
1 0.6257000577712976 0.40698911903657287 0.014437085180524325 0.04758424283472324
4 0.49360148943747445 0.36957725308624295 0.042060958101236716 0.05349618085784763
3 0.09525756336876533 0.3895405669599218 0.025347506132461162 0.04398826979472141