0 0.8440946764567789 0.5358563644095949 0.3118106470864421 0.26188192805703203
0 0.7048814949790474 0.4747538338192281 0.15682132499488963 0.15546850538207171
0 0.6242287761348247 0.44346606719761883 0.08600342595372547 0.09247187132476478
0 0.3351187655307773 0.38976105124137034 0.10655350891762061 0.049752184139784945
0 0.6071331183245605 0.41788277574764787 0.07313988000178863 0.0637575748029692
0 0.5646550450672015 0.3923024972745983 0.04425832353843009 0.04794436815547104
0 0.28191433748259276 0.38347349045679835 0.03651811251948334 0.028011049809460533
0 0.5442349425321316 0.3826680411807719 0.03004002668578802 0.033165209221117424
0 0.5326021308306291 0.3756934023322947 0.021466658335675595 0.024768161866904937
0 0.5832699692259046 0.40944390469399133 0.0566020974933565 0.05202420739018206
0 0.04749446390889652 0.3937569745941013 0.08484462237416578 0.03767808185178397
0 0.24229205327256234 0.3856037098874328 0.035444956769342804 0.026719019676350195
1 0.5028618152085037 0.37438905180840665 0.008176614881439084 0.02737047898338221
1 0.5098119378577269 0.3758553274682307 0.008994276369582993 0.024437927663734114