0 0.9346117345602515 0.5039124698582982 0.13077653087949714 0.19241321075230633
0 0.37283967736307366 0.43073006459345214 0.08462469517356143 0.07539706262791727
0 0.08797867806934472 0.5892997883398629 0.17595735613868943 0.27154406774078993
0 0.41894482591555726 0.41737778888303395 0.04242085591750562 0.045454545454545456
0 0.5765643365443581 0.4023778473526851 0.04712123668106091 0.044928020279661536
0 0.4540131788027647 0.4055816411738988 0.028608669926665987 0.02854521183673937
0 0.4352266275775501 0.4108920129979228 0.025869324279435814 0.037017911759989
0 0.47017147535197773 0.4026239717694205 0.023378910242487734 0.025014062547730326
0 0.9847546356775092 0.5321107418772528 0.030439425177585855 0.13779879781624205
0 0.4898008157850189 0.40294352631182034 0.015407459324534955 0.01786268724607466
0 0.5536154671370349 0.3988062615268741 0.020618703846841783 0.04041663922172837
0 0.7266666540237888 0.4088956771358367 0.1505382472340045 0.06787494200765212