0 0.5806785202962107 0.4281594583132866 0.06525676287497445 0.05976078633805291
0 0.17162712265601046 0.4216149442939348 0.0648722738295623 0.049988598418026026
0 0.07643786201882538 0.43633096495448437 0.07484691803901779 0.06600674715909091
0 0.030181071768992276 0.44602708266510877 0.06012197853791743 0.08542887369791667
0 0.21908127666981808 0.41379248058807583 0.05259578576949612 0.049191143971850565
0 0.7135954737565796 0.43923453501592286 0.13851352295520747 0.08884132362880315
0 0.47901850378328137 0.40159938062740563 0.033465381538097916 0.034442353458348604
0 0.25130181300864296 0.41127492955003664 0.02886825648859107 0.03907085280730694
0 0.26894767305837336 0.40585708991057245 0.03658181765190617 0.03770415454316349
0 0.371932147471318 0.3799470694533541 0.025271349428914555 0.02109411991003788
0 0.29213929819651346 0.4023712247697489 0.032116794040333706 0.03328301363559995
0 0.5385123102370579 0.3736758264744853 0.019050903819373466 0.017465988561904327
0 0.38718558410494813 0.375710704576002 0.018276336245720053 0.01843136426640396
0 0.31098931750019165 0.39923543174945014 0.024996516554451145 0.029775550521597017
0 0.5088800413142631 0.3704720624847263 0.01650624185532502 0.01743010132193915
0 0.5008737559408217 0.38727528561827956 0.023492097269777187 0.023420078430474094
0 0.436151212877849 0.3644731657712457 0.018457220893167415 0.01856697805932307
1 0.1251624692977693 0.48084626705881905 0.0515760045897639 0.1605607048623839