0 0.7090730830868638 0.46730946888555414 0.11987698945663838 0.12141026173402371
0 0.11150385996209532 0.4356094912233474 0.10338556347376776 0.07904500206195014
0 0.036731433010647165 0.45325733233290566 0.07346286602129433 0.08606356772742546
0 0.18026022860385899 0.42755015085169995 0.05693645586464508 0.058252507990056816
0 0.22207210537652353 0.4169691128698146 0.058911739171574766 0.05297126658151576
0 0.5282234198132794 0.38662764473744504 0.030851300193555805 0.03087859838938783
0 0.8710789029362351 0.4138281739235857 0.17659047735780356 0.0815767976195931
0 0.26440482088901524 0.41113354337063934 0.045438652631209116 0.04467263319625183
0 0.3902802112545035 0.3783214789098775 0.029620640802266455 0.024771115180917035
0 0.29424411277739804 0.40626445333978645 0.03595387419032349 0.0370717575356641
0 0.9865117295297169 0.544687026873129 0.026713236374437857 0.16655285966710962
0 0.5566468383090377 0.37136600677102427 0.024274874396335855 0.02526351317166117
0 0.4090457644895365 0.3734880076358978 0.020778852511115085 0.021888263064745235
0 0.5892546085285926 0.36132907960654936 0.01731472062167825 0.01713417329163612
0 0.4687482532866159 0.3607801808406647 0.01862874814748569 0.01946579978845919
0 0.9363383357873825 0.4821471869654203 0.12631223090632665 0.14729698382514664
0 0.4218927790469453 0.36979142801502934 0.017319287029525246 0.020353225901912266
0 0.5671082790621167 0.3447201189057918 0.011305826955999592 0.01263212947901393
0 0.3135833241173408 0.4028484982129765 0.023506495178671812 0.028695771188446968
0 0.4398151937314749 0.36496523561598854 0.0172080213869583 0.01745289255330523