0 0.1608308556619864 0.44015529777996704 0.13193320448244583 0.09432073539070136
0 0.23006369340449012 0.392760022294836 0.05090929656757844 0.04300964892434934
0 0.42976010089415756 0.38116259682096926 0.023345198674174672 0.024137853061232284
0 0.30957310724141457 0.3839968684132148 0.027747789758789863 0.02436239442051564
0 0.3363739288155407 0.38724190422050647 0.03262865592101901 0.02833904665353128
0 0.45454515284041547 0.36575223413730296 0.017118340131209116 0.019291196284289467
0 0.5196791716705846 0.3862009206941517 0.038100410268039654 0.026151774565844943
0 0.43482972439058665 0.3583291539465344 0.013802129912356909 0.016437519330782625
0 0.32392813432245887 0.36437251444319707 0.019659483715441028 0.017283927194067693
0 0.35393582185759276 0.3839950636102074 0.021083454372253167 0.02583430822527187
1 0.7375306623058054 0.4227761485826002 0.03761242845461979 0.11632453567937438
1 0.7555192150449714 0.4208211143695015 0.022894521668029435 0.10654936461388075
4 0.365903515944399 0.3651026392961877 0.03025347506132461 0.04594330400782014