0 0.8876497981398201 0.5655896735913826 0.2239691795916803 0.2259742833768634
0 0.09747368570048597 0.4545616977725211 0.09202798077637118 0.07579746041246639
0 0.16533373928615916 0.43846339191276423 0.08260715387926078 0.06774881461731733
0 0.22639109751092346 0.430938049495395 0.0619892111003935 0.054867413503100565
0 0.033217391405842484 0.45929459229708886 0.06593976623682535 0.09350496443135997
0 0.5458269969225904 0.3961193125735047 0.02912714436516251 0.031056423690661656
0 0.26864469314537764 0.4242792362574841 0.04644111639539043 0.04469115852960044
0 0.39029871393985077 0.39260874698821635 0.033567539318019216 0.02696981271574108
0 0.41227871886258816 0.3875983304408755 0.02229302843769164 0.02385877980281647
0 0.5769544025960752 0.3839143098624221 0.023337088933462796 0.02343926005582539
0 0.4763955391535287 0.37439664391361954 0.020273004315080743 0.020628600059949292
0 0.6060944476872318 0.37273753773082385 0.01689436156927126 0.01846570027072642
0 0.5022075462809178 0.37956433188996824 0.02047746959321341 0.017009716462762708
0 0.4441209420354661 0.3789987275094697 0.017354346062448896 0.019168917151606794
0 0.961441801107037 0.4476127438065127 0.0766181353165883 0.09162182402401027
0 0.5803450228050899 0.35725805556669266 0.012946539790729763 0.014566908134393328
0 0.42746162570507334 0.3833907529172776 0.020564930027659956 0.02091644376603739
1 0.0919378940335864 0.4064801198413062 0.02018823257159329 0.022728823962915444
1 0.6964145513801232 0.40252250007636853 0.011668195124054578 0.04426808883950391
1 0.17733296154954836 0.39731798516923267 0.011993720116229303 0.018567157048051074
1 0.7187244480784954 0.3998044965786901 0.014717906786590351 0.044965786901270774