0 0.11239035131496576 0.540536994225585 0.22478070262993152 0.2373561467593017
0 0.2251573938477361 0.48751382091294754 0.14055777648776063 0.12913986012150233
0 0.34616197412947797 0.44136072720017716 0.07099788537887111 0.06365769909274194
0 0.3726717558242411 0.4316096301186003 0.05248160062027289 0.053246879391190126
0 0.40730669921475754 0.41948697713812777 0.0386272439777315 0.03816663158487598
0 0.42867484291557006 0.4136932462541239 0.024153577628334526 0.028925831366843843
0 0.4514221291218443 0.40068673201903104 0.01871952733736202 0.020566878780241934
0 0.43473320599959114 0.4071753717237903 0.026771925944143498 0.028621848843780547
0 0.004683955029591321 0.6954985587827621 0.009367910059182642 0.18851373249251588
0 0.5077814085017631 0.3926057340112949 0.013715093679732216 0.015595198376787023
0 0.46297718712470615 0.3976033528645833 0.01028070582392171 0.014953016652156648