0 0.2827512876771068 0.4161504035121884 0.07124916257569756 0.05928375154646261
0 0.03445321886220723 0.4304887579566456 0.06883301671810649 0.06271254911450697
0 0.14737920379014846 0.40283641647383617 0.07205636873658525 0.0584747224958761
0 0.3647743281242015 0.3841310652120372 0.026201624024236 0.02240154307375672
0 0.43678948690144626 0.38666876739770434 0.025067433117845463 0.023556795987215908
0 0.4620825454824203 0.3682769148930077 0.017453259946085445 0.0181487410648827
0 0.31116009616305956 0.3850830316776637 0.027380181450582585 0.02849405089198436
0 0.35217090522472916 0.37608951930309903 0.016962832733927843 0.01972243979296493
0 0.4412306304457533 0.3597370643653012 0.014085496729354047 0.015979994310544966
0 0.33967752526845485 0.36487052074741877 0.01579260962572823 0.015268931757086998
4 0.38184791496320525 0.36412512218963833 0.02616516762060507 0.03812316715542522