0 0.030331917889934043 0.4302481374432964 0.060523812541051276 0.07467818423333639
0 0.16141534338987762 0.40864381016407775 0.03671474254043591 0.042171981677281895
0 0.43564484066779946 0.38983615192849613 0.02815162989319297 0.02882658211716459
0 0.10980636022759575 0.4145292578554573 0.08085634195697376 0.0564239591447489
0 0.3294922274248773 0.3953937071858963 0.03438360381106909 0.03234266652156647
0 0.24288047110556776 0.39665876968398706 0.03509336831817253 0.03195634918362048
0 0.30793079741159035 0.3919711294761501 0.03170045242871014 0.029675406328277736
0 0.4771473994531889 0.3856371062009332 0.022744703565770647 0.0226725320079576
0 0.26401196009588357 0.3945851405228571 0.02276376769470564 0.027238534459387218
0 0.5084889272345156 0.38014046677396446 0.014468675739728128 0.01662829148338221
0 0.220404037762546 0.4002999075463557 0.031509262172296604 0.03596241523093842
0 0.4948538330277749 0.38209002691513166 0.020835495930856502 0.018100503602685118
0 0.36701453794540195 0.39003063809720184 0.017198813712119277 0.02449675529233871
0 0.5309089167821827 0.3765284444113514 0.024992623878909444 0.015761926376924487