3 0.0870689413923761 0.5101440220867317 0.12081094150745957 0.21067996505185424
3 0.22125262855411257 0.4128841426249007 0.02080467891615137 0.04701267216329118
3 0.06663941128372854 0.4090909090909091 0.03025347506132461 0.04594330400782014
0 0.1390079738464106 0.40633491523571147 0.05930814329757129 0.04012089018015335
0 0.27453504735489703 0.40469727278454914 0.05244973557753731 0.04412221302617913
0 0.23527161293310506 0.4021984260685866 0.04233050092945115 0.038517449491767476
0 0.19619669879155383 0.40983544253650417 0.04849842037222762 0.03915265065600562
0 0.40835707283175976 0.36925990607148856 0.01626591904672169 0.01753293034617852
0 0.3010395764329837 0.3879967593494165 0.03685887134767222 0.02259124129398827
0 0.48485202742519673 0.3766781237351463 0.02189275658920176 0.01766573998235887
0 0.4725335059551947 0.37531697412157106 0.018118657933232828 0.018033681144229593
1 0.8437162385255903 0.4826900746931895 0.04027726429949407 0.1308829716806421
1 0.7864598970576963 0.49654923156559294 0.05192899041164146 0.16969297824833515
1 0.6360638322931572 0.4351813651016847 0.02497700327064595 0.07486946352066533
1 0.6218315617334423 0.42473118279569894 0.008994276369582993 0.05767350928641251
4 0.4434751321912689 0.370983388533457 0.040437163433283935 0.0422200103192968