0 0.07215442174005392 0.5578389992811813 0.14430884348010783 0.2496117436175006
0 0.24588556671766404 0.39899676519638166 0.03238356708018193 0.028773959431130865
0 0.3413839644325238 0.39849913178534335 0.06336140418189136 0.0330261051480022
0 0.30914354051416854 0.39602514958684626 0.019221133515177843 0.02813464152614858
0 0.3168853360516852 0.3999506408751069 0.01652767652385272 0.03005196878054741
0 0.794766966475879 0.44281524926686217 0.08013082583810302 0.05865102639296188
1 0.09144713307440719 0.4286601047012463 0.026604640708043744 0.09326631279401881
1 0.05091662340639852 0.3968296890035053 0.014383754277950607 0.03617967771528287
1 0.6594439901880621 0.4525904203323558 0.03188879803761243 0.11925708699902249
4 0.4472608340147179 0.3626588465298143 0.24856909239574815 0.5004887585532747
2 0.2825020441537204 0.39345063538611924 0.04006541291905151 0.04007820136852395