0 0.25648424299837425 0.4932984830347324 0.1953638159439199 0.10519489724615103
0 0.699246148447082 0.46296151945201763 0.11651247013619175 0.073496381325223
0 0.41863887658980864 0.4778832279925006 0.13681449484649683 0.08092098292017962
0 0.5637569349511958 0.45433899104769976 0.11599025274044358 0.07428026245952468
0 0.10747515599647703 0.5201250749366141 0.09761077306939263 0.10023893801930596
0 0.8775700142611662 0.43189061259011485 0.03520984914784342 0.02668793530058651
0 0.9147411231027698 0.42856658309086326 0.023472035018908422 0.021443684895833332
0 0.9898760991318735 0.42973193395172743 0.019974715575173753 0.04268388943937867
0 0.9297222346432952 0.42625416805084615 0.02086394240596893 0.02098064105648216
0 0.8967512228989932 0.43023960564726144 0.021855975795942353 0.023538061833684627
0 0.9845883485633432 0.4125940466439852 0.023853617034188472 0.018336679229288857
0 0.9439863452926973 0.42470035198729994 0.017333485314033115 0.01985250493531586