0 0.12078221119142223 0.5380134470651576 0.24156442238284445 0.3011091573497067
0 0.33474687777477896 0.4492814855491661 0.08025521678409904 0.09015489207218352
0 0.3182754204688458 0.3910953376300174 0.03759997688349601 0.034033364214855207
0 0.2891579953160134 0.39547987534270373 0.024417156677994684 0.024602686787863513
0 0.012471725836773924 0.5495163664906372 0.024875427872697933 0.1242961566585716
1 0.2360176217429285 0.41418181090294326 0.019858559135131338 0.059911554509943184
1 0.26001635322976285 0.3973607038123167 0.014717906786590351 0.028347996089931573
1 0.7150449713818479 0.4423264907135875 0.028618152085036794 0.09286412512218964
1 0.9582992641046607 0.4804496578690127 0.03761242845461979 0.18475073313782991
1 0.6815208503679476 0.44086021505376344 0.025347506132461162 0.10166177908113393
4 0.4717906786590352 0.3548387096774194 0.27309893704006544 0.5376344086021505