0 0.129802713214815 0.5699770154608077 0.25960542642963 0.24373324665505866
0 0.8333765436953827 0.5117869297896429 0.29253092381375206 0.21021525065104166
0 0.36697017142544586 0.4546617673872037 0.09559879630487275 0.0781272075276454
0 0.7064578539020978 0.45786414421432065 0.1759111555696801 0.1451067584234482
0 0.4234576720442815 0.4350403816469254 0.05524954246090556 0.05456176041857588
0 0.6264264659616465 0.44678574130448895 0.04439845985793132 0.07431447913802847
0 0.47090706626411744 0.4243503693611391 0.03318810326489677 0.031886215433696845
0 0.08114318894443216 0.4294608406074352 0.12213268420390194 0.048373672619593105
0 0.5901576094420738 0.41902802020806607 0.032079938387929274 0.03156970369967314
0 0.45033260417199 0.4308616063928091 0.02788622927100368 0.042060143553732894
0 0.007406832834588439 0.4483373200089351 0.014813665669176877 0.040079633278347994
0 0.5072959968523226 0.41808209461200974 0.013226562899248773 0.014479561635126465
0 0.04042288717049999 0.4322965590252322 0.08084577434099997 0.056118395554588224
0 0.48839024491516764 0.4235327637673357 0.017709577658677433 0.02594692196664223