0 0.8691275246496193 0.6060138303396871 0.2609356734368612 0.2896574585318915
0 0.629786119437666 0.43078434292521994 0.07648812993471484 0.07106305939943793
0 0.8307308218855401 0.40761780202796616 0.1267670251654487 0.059144378990255375
0 0.9221011744301921 0.41310761005181607 0.14991332309127145 0.07088058039123595
0 0.5949145338131772 0.4181156997456928 0.04372827088550184 0.051006358156922046
0 0.5795809604647895 0.40640900165337857 0.03341752159137367 0.03896686035633553
0 0.5573705266171173 0.3877734112483199 0.026760497448001838 0.028563379192631966
0 0.5669478559143116 0.39827766306589074 0.030198129200097096 0.033614739411504155
0 0.988407811861202 0.3792590815300816 0.023143453278311528 0.021929072494730573
0 0.9474396475591527 0.37423646391778165 0.0555831148111713 0.014950272158327223
0 0.9884452414337184 0.38075093766228313 0.022664354750102207 0.025231384694984114
0 0.9885172559312397 0.3777584996973897 0.022965488137520442 0.019062031049532625
1 0.9917222254605734 0.42838280641438325 0.016406230037561323 0.08167855271146444