0 0.27201652370898916 0.3767551485510982 0.05139344808807747 0.038566194088694404
0 0.38933832101517785 0.37798654625259653 0.04457318110243765 0.036788925513960166
0 0.30990993596448924 0.3701553419305199 0.034827942742934895 0.032601305233534945
0 0.49554583096445726 0.36647364820553063 0.02828967015663328 0.02934737965275232
0 0.5334559742388721 0.3597985022461892 0.023190215290908627 0.02526918114804802
0 0.32925251596595845 0.3672296965926274 0.02082304435973273 0.027134959648781157
0 0.3429930118489051 0.36471520327869167 0.021817573054540577 0.02484044348156464
0 0.5565960339026088 0.35253384199543314 0.01665930385386856 0.016969563324780057
0 0.4045027750784125 0.35817394088789867 0.024507711290435916 0.02209976807833883
0 0.36494994767844824 0.36034317986123837 0.024523431710892784 0.022934959314668865
0 0.447230466154883 0.3511102998944205 0.017037492254573794 0.023954866918300954
1 0.780631463837643 0.39629118649957235 0.019350190681214227 0.07509478049777003
1 0.08306738790292187 0.3946040984122984 0.01799764812528746 0.044366532639907134
1 0.09154907875341757 0.39215131146234267 0.018372505294038735 0.04822502248098424
1 0.7521690187742743 0.400177852149583 0.021418299327984464 0.07308297702643879