0 0.7573010124150399 0.47267810154054407 0.24700413701579108 0.11568599339221347
0 0.16012347417099984 0.387979576431528 0.05640087611150858 0.039133200547562315
0 0.21772633862125026 0.39179020170359086 0.04859209411571188 0.03782177996891801
0 0.2515112439433961 0.38570155705874265 0.040469228100406276 0.038062310987903226
0 0.2917519894566384 0.3884362363395803 0.05101825405317355 0.041652944197519554
0 0.42381965344008715 0.3661176545412543 0.01825332953514667 0.019388238006323315
0 0.20148213496485015 0.3821538513123931 0.03148566906508713 0.02811710063080401
0 0.3148786742864626 0.3728465716976341 0.03291202273801615 0.023728386514464198
0 0.4483920555083555 0.367920235105274 0.010821438381541293 0.017712814017824412
4 0.4824446571331383 0.3745042608863331 0.06174057892669154 0.06304114258767106
1 0.624693376941946 0.40127077223851415 0.016353229762878167 0.042033235581622676