0 0.8793806823081689 0.4804602331196924 0.2411156667614217 0.1301867055286993
0 0.16008849623548332 0.3879307572559644 0.05624602997000843 0.03914355206233199
0 0.21769686283289363 0.3918572180665017 0.048067144361170024 0.03752916323008309
0 0.29142203529838256 0.3882821121290399 0.051412761747495914 0.04143478676953507
0 0.2511473536393921 0.38570446562557276 0.039243035304770545 0.03773902751366997
0 0.45311651596356295 0.3674976278027248 0.018635834813215454 0.01926014173998045
0 0.41934533481800645 0.35590205187904755 0.014807188793566026 0.01582278254444648
0 0.3144435679824842 0.37274074461220064 0.03165134482956868 0.02401569325436828
0 0.20146678260185635 0.38219765880357254 0.031103400840977617 0.02774489357091581
4 0.4925416336621014 0.369414433006667 0.040603500453546604 0.05318766395367485
1 0.6271463614063778 0.40175953079178883 0.016353229762878167 0.043010752688172046