0 0.8000225026589969 0.5034918463474845 0.27174044318210855 0.21509704888158296
0 0.6826576114383177 0.4564606786822993 0.13200332254829314 0.13519343789138868
0 0.34424960993394826 0.37863743876198985 0.10428487757435609 0.04665687240347018
0 0.6156659379711136 0.4310884149426472 0.07504634280138492 0.08310094630147238
0 0.5639858542167059 0.3845377574335212 0.041842269585547834 0.0457061141117577
0 0.6022474362240009 0.4073138642520849 0.06999484769457788 0.06049571405524499
0 0.28962249631094134 0.37202305947580644 0.03735720867615495 0.027653698813996822
0 0.5456328372534239 0.37465331374958 0.029136077556469745 0.03263772943968414
0 0.5335423616922399 0.36787184848580307 0.02113318579760323 0.023958267704133066
0 0.24816518987872419 0.37635968787229657 0.034014922521783016 0.03366527389571115
0 0.08475517466335343 0.3810587684429985 0.09572436004414095 0.03765797545133798
0 0.5694097735700506 0.3994770068693487 0.03252834466667518 0.05196657301976417
1 0.5020441537203598 0.36608015640273706 0.006541291905151268 0.028347996089931573
1 0.5077677841373671 0.36656891495601174 0.006541291905151268 0.02541544477028348