0 0.9156338184072849 0.48859346600455156 0.16792947390190618 0.13470894523613147
0 0.14936183576981552 0.45559986222640975 0.08936634827907809 0.05745887197007881
0 0.5517696152918669 0.43646719029222414 0.04358064865149734 0.03860539262012769
0 0.9530760421191486 0.5147442710481198 0.09372175314927432 0.16958355647261425
0 0.4687989079747547 0.4327047279037222 0.03575991414554375 0.03491721055374817
0 0.20245971430157017 0.4480540554311385 0.050538381980465556 0.047349290297760874
0 0.23225339201757972 0.4436627907254246 0.032368046284111815 0.04033737704667644
0 0.297819160966725 0.43172448121907075 0.036559684298024836 0.03294382999602884
0 0.4891480190872854 0.42417367765514263 0.025719805613757155 0.02493321930558101
0 0.3217152356126712 0.42721087771776484 0.02767926868803659 0.02790091207882759
0 0.5229980518656097 0.40948559415188934 0.017987604523328905 0.01959446285244074
0 0.33800862796561987 0.4247544811617944 0.02217537481474857 0.024314246452682063
0 0.2674445513322133 0.43633004017938964 0.04160157248121934 0.0347687394038673
0 0.4994367098866772 0.4065380525262708 0.01733039113603843 0.018600926254734848
0 0.4405482144796351 0.3929815059300159 0.015764836882921095 0.015792354460685484
0 0.38873352150593443 0.4064103739002933 0.02058329547124131 0.01781051203186095
0 0.6048085921530049 0.4399878389091902 0.035905440323487324 0.04801721656776943
1 0.2761410130698079 0.45610651965248505 0.0251953923497547 0.07555546765220247
3 0.025133494022724967 0.4616779465363056 0.04875295852308671 0.06499462556512707