0 0.05586275809238119 0.4386543878012738 0.11160404191871014 0.0772627516342864
0 0.26569685230270723 0.4089626189201109 0.04646709251871678 0.0355998138994532
0 0.2024963516148016 0.42441939934724005 0.07132241224911207 0.05756626520688233
0 0.38751002363951986 0.3980783889487109 0.029913689402021156 0.030376952647696725
0 0.30242994781020033 0.3928966503572138 0.02569410397396259 0.02414513193617119
0 0.46840315262801513 0.39456558600432245 0.025304287452728946 0.022311959215389785
0 0.4342102150593443 0.3950885612361009 0.02534565960688369 0.025125244379276636
0 0.01972241842249623 0.43003578223324473 0.03944483684499246 0.06402343272696726
0 0.4833501034453572 0.3899249303375871 0.01668375784124591 0.01836815141396322
0 0.2136571452155624 0.3963460763761608 0.042707915785657705 0.02756671029218597
0 0.18285890144104852 0.4126354079558819 0.04444041840872215 0.038474492197046066
0 0.32618020931814695 0.39611276456920513 0.025409988565515126 0.02401062190707478
0 0.07659864074756938 0.41000748053557245 0.06750871310542084 0.02964876683925953
0 0.3556916930104316 0.38475522873804835 0.013480959227118254 0.020522221092604473
0 0.45268592616133485 0.371255496147208 0.012599792230938267 0.012552360169232649
0 0.3954865400262865 0.3796734553511425 0.01688465483346535 0.014611983462396139
1 0.8297692811206434 0.4619446099095797 0.059014608113373876 0.17434576040139296