0 0.30242309819842983 0.4677207402353296 0.10881472920552689 0.11677692968940921
0 0.07135465158757283 0.604452287929382 0.14270930317514566 0.3301451562786382
0 0.1685227263880283 0.4058136105653944 0.055306173404122805 0.03045806437293805
0 0.3251170472638683 0.39157371483706777 0.03070115770166854 0.033311204360260874
0 0.008748530480288768 0.4236930183418102 0.0174532016253408 0.03958466978250244
0 0.37321079157457326 0.39399795308490654 0.03904548202102923 0.029122659304740957
1 0.8374613078032375 0.5113590870667996 0.08622041766212694 0.23318809591313844
1 0.0891839758061232 0.4274534521913948 0.022497749484569833 0.05216906893404814
1 0.2544569138708606 0.41348596239136576 0.019236953747828085 0.05663415157433712
1 0.6631234668847097 0.4232649071358749 0.024529844644317254 0.06647116324535679
1 0.6929681112019623 0.42473118279569894 0.018806214227309895 0.07135874877810362
4 0.47751430907604253 0.35581622678396874 0.28618152085036797 0.570869990224829