0 0.30001494188534855 0.4117628528225806 0.0636999421887776 0.05441311027996701
0 0.08460092271631697 0.42115233301067634 0.09237067970406883 0.05567140103784824
0 0.1852130156896783 0.3973634333904188 0.060066753396808566 0.05067740670630193
0 0.438571234365418 0.38582608846625277 0.025424461333554783 0.025419293027935608
0 0.5619952247850445 0.40227873234455186 0.04695070754867641 0.037894151077941716
0 0.37001595298286744 0.38279700255930016 0.025110452173190925 0.02290121993943976
0 0.46445053986419155 0.36853227214496276 0.01723257518652903 0.017991350310056206
0 0.35980965714910823 0.37434940580515336 0.017420371828367743 0.01826251823298509
0 0.3220426445599959 0.3827630245324337 0.025633218536002658 0.027167535597278226
0 0.3115558764628475 0.3868859254719575 0.035461475687346686 0.021294706611223117
4 0.3859362224039248 0.36412512218963833 0.02616516762060507 0.042033235581622676