0 0.034222522526613924 0.4265138806951827 0.06844504505322785 0.08322552245616446
0 0.2912188675787638 0.3709167301480022 0.04761036633470462 0.036363707959127564
0 0.4108811235778759 0.36825030523544416 0.036725622069514005 0.033187851295210166
0 0.5022015825023636 0.36305476959616323 0.02825239030240699 0.02919365816684995
0 0.5391527801289094 0.35591520755055595 0.02251812988680499 0.024581178309048143
0 0.32655892173286744 0.36559297891655973 0.030590490932261856 0.029849413203354106
0 0.5631414430607369 0.3469984067616691 0.016712753283421915 0.018732303981091155
0 0.3410551331614434 0.36203319143106977 0.023784172700646464 0.025956945335410556
0 0.35561833104829954 0.3587324602979136 0.025741539718864982 0.025017970468291788
0 0.37596092941521236 0.3550777789551259 0.022701859181763595 0.023344246872708946
0 0.5301163331076247 0.33247129378780244 0.010524097857471382 0.013262766430687929
1 0.17858370814475483 0.37557902853509895 0.015027686405259862 0.04756756705156403
1 0.7627479883850546 0.3885843644277325 0.01714788454044869 0.06479132420156708
1 0.736633949560507 0.3932153845346102 0.021417301206050694 0.06697817864888807