0 0.3610297489244238 0.43224257900801105 0.06772349646904385 0.06195345791903409
0 0.027194876994447247 0.6308896539264877 0.05438975398889449 0.19930018987124268
0 0.3915807142281084 0.42369835817219575 0.04665024789356347 0.053095932230571845
0 0.6624597906578981 0.4236316252081042 0.07062086977143807 0.05627005867011852
0 0.6128888383617386 0.41706415588438567 0.0490172691064493 0.04315361552457539
0 0.42334685555658474 0.4092569957147712 0.03369624714137878 0.033259894258232524
0 0.9222922149683156 0.41686422547520313 0.07046201866567865 0.04352072140571542
0 0.8544136353038123 0.41895120421229687 0.08582650884096484 0.04106159527164284
0 0.44033014979015483 0.4062532367128314 0.016508088380902494 0.024536341632682673
0 0.5229738973148125 0.3987902867828996 0.027845955050976083 0.028576803347232404
0 0.5811249552841373 0.4040505268473546 0.04449787280253475 0.030396044778684017