0 0.4767114946516634 0.42140530374625795 0.03919699693057543 0.03629336538902126
0 0.8514308227638875 0.4690401108966428 0.16055874266979253 0.11673925256216398
0 0.9540404774376533 0.509654055359543 0.09185376795022486 0.20417888563049855
0 0.7598088187266838 0.44545876362223547 0.1232771916362173 0.08869911708440249
0 0.31105424533198334 0.42347554703728313 0.043182098563343214 0.033793191173326
0 0.7031660477645263 0.4303637939930428 0.09078582738718827 0.06801849096751283
0 0.8812823541224831 0.49293409181596715 0.1367521371786846 0.13757413713114003
0 0.5573652615239166 0.4168770380849829 0.02976788874054579 0.026469688378238026
0 0.5286399360962413 0.4148727073930459 0.023126535111534136 0.019409149856045332
0 0.36038186797721405 0.41675878619868034 0.026356881891033832 0.023964204163611925
0 0.8249039357544844 0.4557080161653073 0.13155272040129293 0.09891865749862537
0 0.3374531232033805 0.4196161324211113 0.02890316580322465 0.027097163195717252
0 0.43149110633432136 0.3992175925395589 0.017213011996627146 0.015449173406188905
0 0.47106646633694044 0.3885696127733993 0.014476910245681726 0.014886731159885142
0 0.49956786310877455 0.41678982582726204 0.02353681313241006 0.026951257550937805
0 0.5860965507301461 0.4198668807133202 0.015298314691077269 0.02613053457012158
0 0.5000738360700506 0.41649550869551105 0.023558721908856297 0.025834009910725195
0 0.3909410677868523 0.41193228056936554 0.01874255900098375 0.02138715428923815
0 0.4013247174117181 0.40988020463423297 0.01758860528030458 0.01963127486750061
0 0.3754851496424328 0.4141043833623534 0.016720413869263595 0.02313661994822214
1 0.33565004088307443 0.42717497556207235 0.018806214227309895 0.043010752688172046