0 0.9003045619362607 0.4840769091892336 0.19852031417684485 0.11217250432436766
0 0.026508747276378673 0.4642425865255376 0.05278188333780377 0.0932536045943304
0 0.8126362685970079 0.45294064161015396 0.1639067430722353 0.10094582416911047
0 0.5172562306763594 0.42946228743298664 0.038500357726901066 0.035115947704744015
0 0.7150297250693096 0.4351233876695381 0.05978425993650348 0.06020536450696481
0 0.5982495087243842 0.42413344993852337 0.025751895233927843 0.024178930974309627
0 0.5606420958324816 0.42497448813996824 0.025421167531173343 0.02333959316578079
0 0.4268264458594708 0.42602298919289927 0.021442728362313472 0.02101634930771933
0 0.6857366678857063 0.4288511602526653 0.04189167662126942 0.04813403654424792
0 0.3949737049767158 0.42989488827284944 0.02910146767841629 0.02691811480480205
0 0.7412868945791599 0.4444993243772147 0.053661430652085035 0.0717217379184995
0 0.5392651686586519 0.42694743614159486 0.020509010246320524 0.02693109148758248
0 0.4398095044364524 0.4240217609722477 0.019385224761089535 0.02040119488101784
0 0.4526683841683488 0.4212520893950849 0.015510565320293336 0.02002525888929619
0 0.48500491475240187 0.4118714542332982 0.015215270946187654 0.013965446345384287
0 0.44027752381119684 0.42381526764303823 0.01971051269930499 0.020253350191684994
1 0.08483712671237799 0.4335793115759409 0.01625385424784725 0.043027219651148585
1 0.3802125919869174 0.4291300097751711 0.011447260834014717 0.033235581622678395