0 0.8136021511923165 0.5144599922008645 0.18278821569335138 0.176777918900446
0 0.05790497724481616 0.44960725994986406 0.11580995448963231 0.09548192476363943
0 0.9304947810200327 0.4322781530177022 0.1390104379599346 0.10081462543148216
0 0.19650203676761804 0.4261249083577713 0.07045004120247343 0.061695266678885634
0 0.14001433340526465 0.4401338638797883 0.07640741306158333 0.06726238291750672
0 0.24812283207915986 0.4195330816513166 0.05474099933565004 0.05018062349172165
0 0.544781539056112 0.3886527828690127 0.029409063905355682 0.03093050512050953
0 0.39584812217331866 0.38349969738972384 0.032038815764257975 0.026247205389326737
0 0.28524952449471075 0.41359884461582813 0.04250073062525552 0.04197073868409396
0 0.5745923470398099 0.3754326754184995 0.02314475083682543 0.024683619524376834
0 0.4167080097089317 0.3783186300059567 0.022381611759313677 0.023494418415505865
0 0.47928515205788785 0.36542632549505893 0.021407070456229558 0.019917298854853983
0 0.6054195924947618 0.36492260646726843 0.017229381196340966 0.01721519552251344
0 0.5057543975256158 0.3672977421407243 0.020591505024146566 0.018448099712472507
0 0.4294034844037459 0.3755687665146933 0.014799153911999182 0.020173461556085043
0 0.44900560106104354 0.3697039771056711 0.016949008745145135 0.019195854955171676
0 0.43843653781045583 0.3719717941209601 0.017416728683309485 0.020535704910114246
1 0.1289498804050299 0.39747454064332843 0.015674407035721587 0.02003534192097385
1 0.687653311529027 0.39345063538611924 0.013082583810302535 0.042033235581622676
1 0.7089125102207686 0.39051808406647115 0.013082583810302535 0.042033235581622676