0 0.7927545779860614 0.4934963103263609 0.28299646385361305 0.21076832582057978
0 0.3226968136753884 0.47243525858382207 0.12815012272907297 0.10013345399560117
0 0.8944192856720794 0.5912205462115484 0.21074840579964738 0.30128608770734056
0 0.6620075915158039 0.4649895512346881 0.07956683703942662 0.09649822276125672
0 0.4005513600609094 0.4430443846701643 0.06899410569073232 0.06393435600332967
0 0.021751693403462554 0.7159145798967498 0.04342631501612464 0.21325349481457723
0 0.45994027637597096 0.42778766889376374 0.03849886054400041 0.03545405741194709
0 0.4334805005900897 0.4364250831939608 0.0354867531253194 0.04964371697061339
0 0.5915199710225241 0.4220029769405242 0.03536989799992334 0.03515272988834922
0 0.015971869205902173 0.47405096000007635 0.03194373841180435 0.07987282492897728
0 0.47733659346573487 0.4244500362511837 0.021637486904640228 0.03217259739850623
0 0.4916378592041215 0.41964632185323497 0.016270036299698486 0.017549606129337734