3 0.04017466672209571 0.5356988692446771 0.08034933344419141 0.24497927668507147
3 0.23696864479794819 0.4118255734560194 0.021829475658600776 0.04658315887898644
3 0.0866721177432543 0.4071358748778104 0.024529844644317254 0.04398826979472141
0 0.15472986029486918 0.40503802257549026 0.05723989740903516 0.039520204008965665
0 0.2860484711965965 0.4037956618144016 0.049986195973655966 0.042365050851890886
0 0.20984708297866733 0.4085623255456531 0.044508190888025094 0.03799996324764785
0 0.24802877156342626 0.40093779354151393 0.04298364696986151 0.0367757996739064
0 0.41652147319603433 0.3697246801352105 0.015438650634965249 0.015467161773353494
0 0.3128817816396668 0.38746990602853126 0.038412822433309485 0.022670055997220186
0 0.19720488304206804 0.39917899063721896 0.03259188760428378 0.02965270459127566
1 0.8457457448065719 0.4787756807060652 0.03462325288736713 0.12229825464511547
1 0.7998639010837209 0.5010116442906891 0.048677757930677634 0.1612220682123656
1 0.6454208511265204 0.43503341600226053 0.025527217986636343 0.07290908947718108
1 0.6242845461978741 0.4257086999022483 0.01553556827473426 0.05180840664711633
4 0.45732532167473683 0.37229267616309264 0.046919266707762676 0.042728069823741444