1 0.8336165421143577 0.6010480714799838 0.11160705017439186 0.3177213696790231
1 0.7548382463556572 0.5775927770172745 0.07378726188803147 0.27668190934674364
0 0.15978458682143679 0.3879321593343338 0.05667146696775348 0.0390593676972599
0 0.2185229147835433 0.3923049732853357 0.05000588392879957 0.03790656096308345
0 0.2908636235060111 0.38847682203365563 0.05335722803972046 0.04213069494402187
0 0.45246419337374794 0.36742492854769976 0.01808537056674162 0.018907295294171553
0 0.41928563464984286 0.35557002778859664 0.01512381802400603 0.015826064004459923
0 0.20141215414076874 0.37791149031265275 0.031462986744142225 0.02015043167308162
0 0.5914353302825404 0.41717596417648 0.0926812609394164 0.05518863860696176
0 0.3167388491813803 0.37265653041567387 0.032625312212540884 0.02364781175540689
0 0.6479967293540474 0.42130987292277616 0.1267375306623058 0.06060606060606061
4 0.4922365327399964 0.36931506443116907 0.03981523365635221 0.05365363127558345
3 0.24652493867538838 0.39345063538611924 0.022076860179885527 0.04007820136852395
3 0.13000817661488143 0.38758553274682306 0.019623875715453803 0.04007820136852395