1 0.2699548654252159 0.5927060631596331 0.11973323494512725 0.33376019161817266
1 0.40058708034961416 0.5389758396241905 0.10452657280061836 0.2612467567242485
1 0.625360122393704 0.40699405614232037 0.01353443360971995 0.04710321062820748
1 0.7865597591571699 0.485696056138502 0.04226896671223426 0.13845553729075025
0 0.3556131907203406 0.4204132139741034 0.13725162234739116 0.06828190271222813
0 0.023381219119844823 0.42949159683719756 0.046693433941214765 0.10501596818105449
0 0.16026478328377325 0.3880148670423998 0.0563246195957686 0.038984580240408115
0 0.290072624350023 0.38773862777217744 0.05330460206076247 0.042194504425555966
0 0.21685583905323744 0.3920955863050235 0.046759317667876124 0.037586350128680966
0 0.25255527948611894 0.3851026906062897 0.03822564961767937 0.036074104197214074
0 0.4192406567802024 0.35566180425888166 0.015091104577626737 0.016183355337014295
0 0.4515569254889999 0.3647753882384836 0.01827296758419358 0.01941335609115347
0 0.3179158969483021 0.3736201311486208 0.037776195310903 0.024588904655807063
3 0.24198669034344977 0.396474769271597 0.020361512777557746 0.04290258383354716
3 0.09116925592804578 0.3895405669599218 0.02698282910874898 0.04398826979472141
4 0.4922455906965454 0.3693437622905593 0.039507961819041294 0.05342882143320809