0 0.13622839695249342 0.5068125496395406 0.2720171738772342 0.19892652107007575
0 0.9077612564199202 0.5235678336254429 0.18447748716015944 0.22792191938920456
0 0.8134861444705642 0.4065377243802694 0.05421658607164759 0.030430768591917155
0 0.3873113100390306 0.4230394410014968 0.05305587007486713 0.049611916639937685
0 0.8637104673845692 0.404510677035603 0.05655773097340045 0.03227268192891618
0 0.9622642036743663 0.40431710072626464 0.07547159265126738 0.03457394000488759
0 0.40896067459468266 0.41708438161065037 0.03860491099946341 0.043327413579469086
0 0.4330029865804502 0.40570126530711603 0.029033221091194807 0.029444093228784825
0 0.5973685163995426 0.4096427164236238 0.03682665696225981 0.03662697054656953
0 0.4555619396543464 0.4016462458426885 0.016254864846305193 0.018230091441761364
0 0.6302218495678531 0.4096657164751726 0.052519229817176 0.0394014151564791
0 0.44794839030879496 0.40412182402401026 0.014088291470768602 0.022362732351234114