0 0.1588106069619404 0.39913758457814025 0.05792900079210957 0.03870989220582845
0 0.2886934319384646 0.39793404945530153 0.047625313210662816 0.04258222384187133
0 0.25175124236237095 0.3958215051615576 0.04030473760572108 0.03810547710280731
0 0.21358297227935916 0.4024733975019856 0.04370915685047016 0.03827662015823558
0 0.31212897312416954 0.3832257998886929 0.02811280294996934 0.023698137419431206
0 0.4194372618481066 0.36537143561847046 0.01482236024695932 0.016563169417842742
0 0.20023517499472993 0.39376431313194954 0.031363162074241106 0.029059655272482894
0 0.4960072876874872 0.37168547181906003 0.02188716710637265 0.01879020683460105
1 0.8496552137498083 0.4756661095344193 0.03927105757806112 0.12489013075245907
1 0.807313458995554 0.48568206518626283 0.05215057348093827 0.17196980436293377
1 0.6244073900548728 0.4166863554267473 0.013050793626711979 0.04907280259118402
1 0.6529026982829109 0.43206256109481916 0.025347506132461162 0.07429130009775171
4 0.46297182221931216 0.369099964727288 0.05034417240520237 0.042207749591428395
3 0.23973019865820472 0.4054934892253559 0.019509191505263694 0.0478159735745815
3 0.08980617070919358 0.4009506508984757 0.02137433205680192 0.042796801495295696
3 0.013082583810302535 0.5659824046920822 0.02616516762060507 0.2013685239491691