0 0.17674449381044627 0.4224768943451017 0.0627951072262431 0.04313887878596957
0 0.2346405752935277 0.40329780466745324 0.04545786647843418 0.041236526921813905
0 0.3217381050814787 0.4171988598179374 0.05365037645166854 0.04775466993523949
0 0.055416734123074025 0.4468038191660175 0.11083346824614805 0.07226177674234788
0 0.531123438138798 0.40751128881907533 0.05306445392349755 0.035996751235260874
0 0.43550984467625714 0.39680797170450727 0.026022935245042927 0.024887994820304862
0 0.37173182439921043 0.39063344230167096 0.023372322637724856 0.023248010599951123
0 0.33519476003950965 0.39188785497044537 0.024232828509875817 0.02575391245494257
0 0.46181177995483697 0.37897313212136485 0.017211365095436425 0.01809438815447825
0 0.4391317796434229 0.3707818024785404 0.014618793278567048 0.012847452918804986
0 0.5531937606200173 0.38722834582436005 0.02732308887597097 0.015309532366889663