0 0.7058879512309638 0.4499896544515213 0.12443326636600573 0.10128638005559629
0 0.9281707040033473 0.45915639808334097 0.14365859199330538 0.1282506441207692
0 0.5299658412730606 0.4187764515508538 0.056655746547296604 0.054456097406143086
0 0.8472878431942457 0.43091030624255405 0.1376238469695421 0.09134167683322642
0 0.19857266567227105 0.40328969051178365 0.0666451504848477 0.030778931499343232
0 0.5529871244266787 0.3924286097492058 0.0366487916336621 0.04211008140884653
0 0.696246218115993 0.3966113675025202 0.07117961842996218 0.02596959387218964
0 0.7758381828751022 0.4070372371729518 0.06377490114600368 0.03503719266442143
0 0.8596181175500179 0.45027197933849583 0.11818487334231909 0.09166054525216887
0 0.7801731012926079 0.43112124445850897 0.06285468262916497 0.07413877187003605
0 0.9914462447458862 0.6648249323183957 0.01683422472276165 0.06228688408785435
0 0.775548003875907 0.4065479118220384 0.06473424604264616 0.035259914304970066