0 0.03099906810681935 0.43876658390227885 0.06184613839924969 0.0682668974905303
0 0.08542717585091891 0.4306731461779463 0.06099512532219376 0.05074172332256537
0 0.12923870882048338 0.4239080285513273 0.05089421868811644 0.04434788798073986
0 0.2692366044051513 0.41404033522918193 0.048764844069399016 0.04262342108076735
0 0.41353831131343266 0.4006510834307032 0.028411790375229968 0.029727462216672777
0 0.32340164995544385 0.4078935192477319 0.02943244491165423 0.03159941582852212
0 0.1566132540012712 0.41801222934517807 0.029254379958669766 0.03985145248159518
0 0.45755132143359056 0.3971553739098393 0.0232396722327269 0.022952858187469453
0 0.21878585753047067 0.4112450682639143 0.029102890002171915 0.031065223969788613
0 0.19768461163474807 0.41391067281146904 0.032132988568709116 0.03653037629635569
0 0.4797578376526727 0.39477716559655274 0.023330002267733033 0.019666058343643083
0 0.34001124733701066 0.4000671476213114 0.02655855242775194 0.022478508226799244
0 0.4933744166975419 0.3911224693380376 0.01356577463844031 0.017009358485306696