0 0.12937530180711973 0.41380229513666145 0.049783957755088024 0.04682455501015701
0 0.4249061216415193 0.3895755443405196 0.02766230061516251 0.029376316163779937
0 0.16481918247625268 0.4083616195186492 0.04445411763226313 0.04147192693059629
0 0.19113464230703509 0.4032553545074612 0.037424818960643653 0.03732335602433101
0 0.2177167441741619 0.39963168296180046 0.03639706528196546 0.03468729953262464
0 0.467470657211391 0.385172406715848 0.023835950275960752 0.02304837850531525
0 0.30004053123642555 0.3995405329520635 0.03778043732912152 0.03544695752573619
0 0.48829896666432443 0.382232845004353 0.021377875389666803 0.01962116200436828
0 0.2830780228921262 0.3951242694873381 0.029794363924839022 0.029799177033693794
0 0.3458941405850751 0.39351286380055595 0.02137133769100061 0.027791460471652003
0 0.04326056576320995 0.42180758091245113 0.05679116206196421 0.061226912840603616
0 0.35784297016733313 0.386280690003933 0.02334145571692304 0.021483092247449292
0 0.5006865082660467 0.3790699948546707 0.01421694938803148 0.01718530440493646
0 0.06430306984378194 0.4216221784216917 0.10123184715639054 0.06289192565142351
0 0.45624113667722815 0.36351120576830553 0.012494689991312346 0.014178800909167278
0 0.008746877011103603 0.41464570493875247 0.017324968569364493 0.04183163461097874
0 0.5280779684944807 0.3768199424706363 0.02358142918284955 0.015486969859252811
0 0.24302076961988323 0.39851407734413186 0.023551660196174877 0.02645960534656036