0 0.7177704930402954 0.4644152659008813 0.14100538426895953 0.11258316412932245
0 0.9460711225757614 0.47809443469154755 0.10729481407783115 0.14729059989384774
0 0.8700448236598017 0.4424532893116523 0.1525775101568888 0.09913395110696176
0 0.5215840873811836 0.4247271555493188 0.057482141602360995 0.05568595878772605
0 0.5466643214128296 0.4015701159703767 0.03570416903554272 0.036975879240362296
0 0.6968063890982726 0.4138859723670042 0.0827892237965045 0.046316763988804376
0 0.7895471131518934 0.41263980809544537 0.06567507577741721 0.03462447448909457
0 0.1544276726411584 0.4102045322093796 0.021329229421919716 0.02940286615843414
0 0.9121035609397358 0.4646625835758034 0.1757928781205284 0.1219472279180413
0 0.8033099669661565 0.43108395514017445 0.06461237535453292 0.06384662169515212
0 0.9120820763651114 0.46340475520546953 0.17400888488220564 0.11900957541964503