0 0.7827588609272792 0.519838349910076 0.21510186433207276 0.18855934478670272
0 0.8851717608148508 0.6481229273105297 0.22900390625 0.4345116638601234
0 0.6405737214856526 0.4462485513845613 0.1185246340485742 0.10274191639173998
0 0.5871218215805141 0.4334493060964993 0.033903008099959116 0.06463563383965665
0 0.0763001182616878 0.4830697545324719 0.15239171561947243 0.1565617983641862
0 0.5722677210560609 0.416271295482229 0.0506041831689493 0.0513845911706531
0 0.207878855146157 0.44456029987055534 0.11369052989894216 0.0817587098301564
0 0.5546374441850215 0.4072045468864553 0.0373496229494583 0.0416777043048937
0 0.12679714973306228 0.46639341949134744 0.1245618369475994 0.12186748843971469
0 0.5352098990539401 0.39852422003871885 0.02477807756924571 0.029479920805840665
0 0.4958986421149964 0.39549640196858965 0.014711269275730784 0.015597107589885752
0 0.18454527835424864 0.45463114539898736 0.08639130861371244 0.08507480416246639
0 0.2555192150449714 0.4364613880742913 0.03515944399018806 0.05571847507331378