0 0.7659482417882513 0.4899490520518313 0.14822979082558257 0.14866424888692875
0 0.07826479945334858 0.44233391874579975 0.12222434766742897 0.08802814800601784
0 0.15943073388112927 0.43377503575001525 0.06962852446836033 0.06301978326612903
0 0.9139754887204237 0.42220759088808957 0.17196757580935712 0.09247142385294477
0 0.20954253726188804 0.420807242743081 0.06643976194392631 0.05832968196328201
0 0.25731105601699844 0.41489399213595124 0.05087290254656838 0.04781779329331623
0 0.5398945094909419 0.3868545576973744 0.03002535429336161 0.030375968209692693
0 0.015793747011989427 0.4571292015814012 0.0313644743024182 0.08190515244111987
0 0.291419240556968 0.40949397679065097 0.03836176849639718 0.03959800444273888
0 0.39551146812158244 0.38036001136459097 0.03081289745215403 0.026029644590435608
0 0.5697487357787587 0.37208583977215454 0.02347308304693888 0.025404138648964444
0 0.41522020915445496 0.3755126684641908 0.02166955157176257 0.022519079005147238
0 0.47671359070772434 0.362691183826674 0.020132269122419257 0.020009388555413
0 0.6004680343465735 0.36256132750450576 0.01743773915001533 0.016356646257178642
0 0.995008741551896 0.5592451496441226 0.009982516896208094 0.10811468070320136
0 0.44705569500427994 0.36691578019515975 0.01791234612952269 0.018443326679725685
0 0.4307102505924852 0.3712497685079118 0.019143729159214022 0.020861315237811585
0 0.5048841350115623 0.36454695387436614 0.018790493806853024 0.015509343450253543
1 0.144552054604057 0.3932164584669782 0.015239912081427586 0.019909274193548387