0 0.9179360365536207 0.501994366986078 0.16336396436465148 0.19248110714312988
0 0.8018439753759327 0.4624245830994547 0.12940685805588206 0.10478921929412573
0 0.7356046113632589 0.44513219868798876 0.10778933358991721 0.08260669876053886
0 0.47423982035402185 0.42571978228765733 0.03827947334295789 0.035491883696465665
0 0.684399458977987 0.43202093129983044 0.07980868198397895 0.0629731567024835
0 0.554883655913034 0.4203304615188554 0.029704458091654742 0.02632008363307979
0 0.8191301497103051 0.48264265759599523 0.09669361130097609 0.11085959217298998
0 0.49677661512098836 0.4211570463805138 0.023608977348221587 0.026547846789467252
0 0.3174167860753207 0.4260919893475455 0.0447255693686759 0.03229747186774499
0 0.5246053775216553 0.4187275428809262 0.022416171731270442 0.0205078125
0 0.3629690000295444 0.4205932915502047 0.02536934004976237 0.02322879914314516
0 0.37817662286641457 0.4183126022622266 0.018410309162280255 0.022484534180642106
0 0.4311749512117999 0.40307028016270313 0.017054410421351186 0.015596033657517718
0 0.34378554561736635 0.42317262353086055 0.02270460401708146 0.027315320623701737
0 0.40239588939451526 0.41375016466962977 0.020269186498684075 0.02191543951994746
0 0.470551410466067 0.39248308198542886 0.014369662043898201 0.014897052843200146
0 0.5095796000245937 0.4173145611148659 0.016439417591859157 0.02053868805558101
1 0.33442354865085855 0.43010752688172044 0.013082583810302535 0.039100684261974585