0 0.871555281582175 0.6511302959184843 0.25651114862275143 0.3522809010913062
0 0.6814292477274759 0.45377598200375735 0.13075062961531583 0.12494343956195014
0 0.15019035027442365 0.4362998209158113 0.24855901448334813 0.1134286770489675
0 0.5922337529704109 0.41562355019130315 0.06537069849371423 0.06338056487887953
0 0.6186240719462259 0.4339608857125947 0.04011057793655458 0.07210614604334678
0 0.03299794753652465 0.4066051882150003 0.06419700895872452 0.04017381118073375
0 0.5607694811442789 0.4010988088180825 0.03452688421466169 0.038440842316180966
0 0.32658796708114013 0.41237696314836875 0.0556134078118612 0.047637849958761
0 0.0076759140314085015 0.4227615162540857 0.015351828062817003 0.05876495271833761
0 0.5037197509166752 0.38830305381021657 0.016188938892579722 0.014538031286275049
0 0.2880650393220117 0.4277896377697718 0.07759577079766711 0.08016508369035619
0 0.537274289696507 0.38923801634668254 0.022094177595436425 0.0255554736184934
0 0.5491816098828445 0.3954732527597675 0.028984063585956663 0.03299886902989064