0 0.09424162651804364 0.44852070887650447 0.11052403485102431 0.06697462870578262
0 0.1622284072788641 0.4383623378600776 0.06288526258991083 0.05413132235917644
0 0.47107445131241055 0.41793486146749753 0.034667918843903314 0.03441076194785557
0 0.5574172886297143 0.4262824035226891 0.048451882937065614 0.04354524286145223
0 0.20012118323163136 0.43246143747518023 0.04139185458641021 0.0452860573985826
0 0.2459319918641085 0.4233253009158495 0.04951460831299826 0.03752364441096957
0 0.2794280906047182 0.41843623872609664 0.03763995166694348 0.036984381204942574
0 0.30944987661216655 0.4131424084436858 0.02921385620815873 0.030563458902278837
0 0.48971652438771207 0.40692926222278225 0.028007750616440105 0.02431746824978617
0 0.5262756597186733 0.3928046650667461 0.018087466622802535 0.018107036691257333
0 0.6206771838109413 0.4324350068063447 0.0448612889986202 0.054532078121181576
0 0.3840540264438433 0.3917055549509714 0.021695253211557134 0.018801095315554742
0 0.32703374081328573 0.41068595222480603 0.024792076229366824 0.02686307577094025
0 0.500957348652775 0.38945944031895313 0.017108608442354865 0.016608334240209556
0 0.4381640006164401 0.3768703576290246 0.014246793233851186 0.01734576779959372
0 0.992998424165091 0.5300732087762707 0.013487921127606295 0.16051005105235827
0 0.6477527634003858 0.4039018319615637 0.06897846012942048 0.023680417535358628
0 0.39721433899973807 0.38727237705144946 0.015824699245898917 0.0170307476383034
0 0.33899326277675923 0.40731909967237906 0.02244878536545636 0.024988318002352152
0 0.29947182631161207 0.41632972038619565 0.022395635372483135 0.03038560376955034
0 0.3410450646064365 0.4065470317941257 0.02191616254854865 0.02528018895482038
1 0.25575648110515253 0.4505801680966673 0.027032061473132155 0.08798769655348851
1 0.9409347371984873 0.4372394520749328 0.028637316026165167 0.07861590641801075