0 0.7779981935989243 0.5241398368529677 0.2543352927132308 0.201751708984375
0 0.6089194821024759 0.4400992892238285 0.07719450082724345 0.06856834433994685
0 0.6616281554626814 0.4867603231152248 0.08771121258240494 0.12019761310178396
0 0.07758298236039068 0.4779261256243127 0.15516596472078137 0.11149965586433895
0 0.5786300746515357 0.42460708394428154 0.048866802224933566 0.05363343538077346
0 0.040401386668203504 0.505076373893611 0.08068442235617782 0.15420150383942755
0 0.5040364300532119 0.4055099412726051 0.016067417547143296 0.017321037523674244
0 0.13013945460222046 0.49140816816253513 0.04942085971036897 0.08107345148498595
0 0.5552543833522844 0.4205599698153409 0.02491841351313369 0.042703488705095306
0 0.550945141621525 0.41144735535801563 0.03051268732752453 0.03427729601967253
1 0.6520407950400526 0.41656859575944677 0.01844893648111713 0.03179284298058712