0 0.1601485083167512 0.38797110429840237 0.056350009322458865 0.03913534841229839
0 0.21775890234933948 0.39194211838648585 0.048465582160606605 0.03735870629811217
0 0.6782820445050592 0.4189388838215191 0.06332554665142069 0.04637016229265946
0 0.2911358487869225 0.3884559996782976 0.052821710669204824 0.04225455514380193
0 0.4530548819341527 0.36701022658063753 0.019491923995809485 0.020226233399392106
0 0.41917252248169845 0.3555647177896658 0.015090730281901573 0.015996580599340175
0 0.3138877637836647 0.37306329721579456 0.027621976489038226 0.02501507681718903
0 0.20142227884013442 0.3776982998218704 0.03022767360933667 0.01997761805619196
4 0.49210415681853026 0.36935213001359357 0.039331094612377354 0.05365240818594208
1 0.8974683236023099 0.5742012091046554 0.09124032220973018 0.2727730938416422
1 0.6262465045769879 0.40739942086407166 0.014096376258432134 0.0464344789089229
1 0.9771054783319706 0.6397849462365591 0.04251839738348324 0.21407624633431085
3 0.2542927228127555 0.3919843597262952 0.02125919869174162 0.03714565004887586