0 0.11134455034407259 0.4035517001781296 0.09325828770585266 0.06037424037183834
0 0.18788938608114972 0.3938768224632286 0.06307852394933693 0.04596946619356366
0 0.22850163881640306 0.3897874520787512 0.03372621575244021 0.03689429021184629
0 0.45945241932779285 0.37994964987418284 0.02820867256170789 0.029980761098255742
0 0.25112381043827936 0.3861753700532289 0.033196088240366926 0.03401603213969331
0 0.28655948467363807 0.3808621940724661 0.02876118295814595 0.029046857578430473
0 0.3852774494511128 0.37919710668300954 0.0398194008154257 0.02823320465237048
0 0.34045940408527314 0.37625353264086175 0.027390536965645442 0.03132055139028898
0 0.49951004689576095 0.3773012133287894 0.023185324493433156 0.022270284673219086
0 0.5124318332625332 0.3722783868963068 0.020012294865980173 0.02005055596285435
0 0.26908601275839383 0.3833733164320244 0.02551074897472915 0.030524469191028226
0 0.5276752762003015 0.37024643227734755 0.015935515733595668 0.01759181763769245