0 0.03101355279091432 0.4335767908180214 0.06181549717682069 0.06338184763143023
0 0.073496005229061 0.4142998390533358 0.08152361454187801 0.06316064739506964
0 0.1991957058598541 0.4171857787250657 0.06299619136632512 0.048144596879200266
0 0.37149072804610844 0.398468867774583 0.03369175559267682 0.031734015351982524
0 0.4274483631598784 0.39493691303629797 0.0271459222327269 0.025531757612032625
0 0.4770294962997624 0.39709708324741877 0.030197330702550082 0.026455249954178885
0 0.23180966443539835 0.4004452314777691 0.03432678571998927 0.03576048611429313
0 0.3400489264400105 0.3888694188928091 0.02051612186509863 0.02040310409411657
0 0.503966636376993 0.39322351360600716 0.027841613220564186 0.02148929719002016
0 0.31385153195746884 0.39223543616450546 0.0244872248377453 0.021737435229945624
0 0.3840172082210113 0.37971384714076245 0.020907161085701145 0.02011147179328568
0 0.4620984655272639 0.3770026004675663 0.017122582149427638 0.015846498550907258
1 0.24775143090760426 0.40811339198435975 0.013082583810302535 0.05571847507331378