0 0.3789858127946456 0.4179755068244822 0.16434723923465608 0.07207896958814455
0 0.6494118416786974 0.4225974432534137 0.07923885417198999 0.05782054852646933
0 0.16020853911280536 0.38805047088354566 0.05606493322165014 0.0390127113021597
0 0.32529418895406403 0.40561779689695593 0.08645235624648662 0.047133907195060484
0 0.28902367305677634 0.38819840506724246 0.05868727402519419 0.0412253699577682
0 0.21543407050294167 0.392221564538085 0.04402729574033499 0.037607053158220306
0 0.45240056310047017 0.3671747619688569 0.01900154668974857 0.018513341103830645
0 0.253217396147409 0.38483695200811036 0.0397754584972915 0.03556058553656525
0 0.3140462405936989 0.3736747227106626 0.02973455146795789 0.027243904121227396
1 0.5133434928837899 0.5936099860675174 0.07061473132154537 0.3279315430164803
1 0.8841492847058974 0.5047297473061003 0.06749160779078087 0.17611327409045088
1 0.5457890433360588 0.603128054740958 0.08421913327882256 0.32649071358748777
4 0.49186520642758585 0.3694817327683972 0.03923936720666394 0.05368841475172593
3 0.24200344631541293 0.3963077578726402 0.020531517895927023 0.04504862885088282
3 0.10057236304170074 0.3890518084066471 0.02125919869174162 0.043010752688172046