0 0.15946566035098358 0.5213162150900384 0.24567027493568103 0.18407242552159703
0 0.2923353168677816 0.4738716878732512 0.14043710354596792 0.12145593369111987
0 0.7615344218318811 0.45189557117450974 0.12428589366248467 0.0911375700203904
0 0.8747044311423625 0.453012803898995 0.10945250416815719 0.08351625981335532
0 0.4102608157490865 0.42468246803022663 0.057835352001673654 0.052405095403378545
0 0.6748201084838767 0.41222931236349125 0.09576051701119175 0.047641638553503785
0 0.9458627646220871 0.5136040681035404 0.10827447075582584 0.17042751815661658
0 0.4409174696890331 0.41715791614640607 0.02631917783498569 0.03568960657800281
0 0.5612198836668923 0.405904835153768 0.03503143485218214 0.037638077871074656
0 0.4630676169719057 0.40986945039482525 0.022280626772664555 0.0237996538596652
0 0.49064587572024476 0.40917683859607923 0.013352625699483851 0.016575519640075146