0 0.16065778131867078 0.3879925232828537 0.057731971522383484 0.03897336361345308
0 0.2899252266934536 0.38798516982927816 0.05285065620528414 0.042220069982206135
0 0.21575295174599474 0.39204876583692266 0.04446485991957533 0.03786399147727273
0 0.2522120627826681 0.38492763963029997 0.038987840479354045 0.03639610491889663
0 0.419184886717153 0.3552786639708578 0.015022184258099959 0.0163432221025782
0 0.4638040812407374 0.36015758346602367 0.021527244337055395 0.02524358575994318
0 0.31287611729769266 0.3732382885288749 0.027690896808565003 0.022778672323665077
0 0.49303016444258485 0.3694738870958196 0.040264138996065006 0.05241735613124694
1 0.6254555678036207 0.40645914832867486 0.012949584062627759 0.04717158432230572
1 0.6951302678879421 0.4556920861685148 0.03931517456753373 0.11238207029340787
3 0.24173204448509683 0.395681133251619 0.02027821950218469 0.04542065692204301
3 0.09403107113654947 0.39100684261974583 0.027800490596892886 0.0469208211143695