0 0.16013152776735295 0.38788566701223426 0.05658701337563241 0.03916482188951002
0 0.21765928354208722 0.3918438088276286 0.048426019102456815 0.037707585160450266
0 0.25169650785082787 0.3856550647366431 0.0401792986316946 0.03798412274521933
0 0.29090180166997776 0.38833643520798966 0.05072917298810558 0.042800530427129155
0 0.41903757639625283 0.3555589454031876 0.015276979834742948 0.01605752626122617
0 0.451380208000626 0.3671498974513914 0.020649895157272075 0.02010714623235887
0 0.3145731242094874 0.37325838001359357 0.031009552426154947 0.025244331546309874
0 0.2019300359443671 0.3774497441415796 0.030720621079377043 0.02022432418629338
0 0.201770192954936 0.38203467465099583 0.03126897679326579 0.027795099909121455
4 0.4928715878203572 0.3692534326458257 0.04158111098157707 0.053642474311537756
1 0.6258792206584092 0.4060528737475562 0.01459199370464534 0.04859245650812561