0 0.11958619754819332 0.4646787820556879 0.15435392078764595 0.08997441177144429
0 0.869822591811248 0.4463860893063065 0.15472636686810098 0.09215935700566655
0 0.5968494680409342 0.43004464217528104 0.03827488198206255 0.036348374591428395
0 0.05116488440350636 0.5277794831426029 0.08873204179016762 0.12989889165406587
0 0.9254144900954364 0.4713267217283724 0.14602993008355478 0.0981218593444526
0 0.6423898292971943 0.4265243813672257 0.026134225840658217 0.02383032059506354
0 0.4803576590287715 0.4316174310439959 0.03186913503551717 0.025001950977135264
0 0.4971834745742411 0.4297461933870586 0.021953242778388185 0.022477195642793865
0 0.5126796170325915 0.42755217939061735 0.019739707765867743 0.020232319016144307
0 0.7883751183772614 0.4328925318265824 0.057759669406045586 0.0551086604769978
0 0.7633972417499233 0.42711743068601843 0.042468591098988144 0.045524172069739736
0 0.6801150704833785 0.42530372298940766 0.02517747606104354 0.021896019242958822
0 0.8044428104079364 0.4393087855065906 0.04391437072005315 0.061339526581973974
0 0.5255706362907553 0.4254704360738178 0.01761236058232829 0.019660957164894917
0 0.6185953509875818 0.42787197258465454 0.020092893212132052 0.026782471180428275
0 0.5694102476779691 0.41290153436297194 0.016806077684229353 0.014050287002459066
0 0.5370088641212695 0.42294344338037637 0.016977954281224446 0.019786129948680353