0 0.851087843114396 0.5711691400522361 0.2967984440476799 0.24346070648521506
0 0.6948448549209807 0.4771569364814348 0.15174003594835955 0.13591136167942022
0 0.6214155445114473 0.44134431990010997 0.09517062694833402 0.10060705816990469
0 0.5728129701154308 0.4047978644496884 0.059573456584091376 0.05928756997266007
0 0.9413276978038123 0.7351609395046738 0.1170896840504906 0.3009197872754765
0 0.3920518527338959 0.36280290262440434 0.05531085210068735 0.02848456448940005
0 0.5427973724639718 0.38931674155555046 0.03315321890331153 0.044197865595216275
0 0.5317462662254702 0.373687251921623 0.02687083982778005 0.03361769272551625
0 0.552919801102246 0.39620756893213893 0.033265956775730784 0.044627498205339684
1 0.45339329517579724 0.3533724340175953 0.007358953393295176 0.022482893450635387
1 0.46116107931316436 0.35581622678396874 0.006541291905151268 0.019550342130987292