0 0.6183990453562577 0.46595635884901176 0.2417248205776012 0.11605793196900965
0 0.21769872807325735 0.39179267771432824 0.04851890682491823 0.03775358526354777
0 0.16021422216956574 0.3879608870251787 0.056273777759767225 0.039132574087014295
0 0.2515120050113706 0.385680794366294 0.03972141019457788 0.03797383089335899
0 0.29163629464799035 0.38813311892870234 0.05002729364427892 0.041578962189943794
0 0.42355478930843726 0.3683080589316807 0.01970192885067457 0.021161240683040077
0 0.2016792141406729 0.3820829866918301 0.03189025779094057 0.027754021996044112
0 0.3161033075165768 0.3730865806661626 0.0351828749025833 0.02442510013822703
0 0.201805857099282 0.377574290464817 0.03130090421862224 0.020294905408037023
4 0.47410527351734977 0.3740778649890411 0.07387819079619787 0.07028025219750428
1 0.6275551921504497 0.40127077223851415 0.01553556827473426 0.04398826979472141