0 0.10810539081924193 0.5235918031992683 0.21609074979996154 0.22313352344322765
0 0.23491392346161463 0.3971854141846896 0.03349210625287459 0.030111035060789344
0 0.314147587399549 0.39783414391361954 0.0276703604497777 0.03286504512425159
0 0.3014375151714534 0.3918701500021001 0.019890773520543744 0.024060470267824412
0 0.30118305646096305 0.39440312390220245 0.019810050409150144 0.029013714832294722
1 0.8623007449183616 0.4441431218927557 0.04899331418003884 0.13194449416353557
1 0.047498217978052495 0.3974285852874129 0.026498559061270313 0.037036198441700266
1 0.12436944894486535 0.39442044106163704 0.014925790632346177 0.036147459744241814
1 0.029815408701986342 0.3937605543686614 0.014096276446238757 0.03580406986956256
1 0.6798855273916599 0.46480938416422285 0.03679476696647588 0.14760508308895406
4 0.4448078495502862 0.3704789833822092 0.23548650858544562 0.4731182795698925
2 0.2735077677841374 0.39296187683284456 0.044971381847914965 0.044965786901270774