0 0.1161417770073829 0.4166278410284167 0.0909600558089898 0.060860970386195624
0 0.6004366683648048 0.4227060297484039 0.07785710407297629 0.07269868822741019
0 0.18260145460301896 0.4060496072032701 0.06353966875926258 0.05727141110894734
0 0.7831015910462873 0.4397837470120815 0.18737049367909342 0.11568739547058285
0 0.24684672071031147 0.39561504166380285 0.04251602684389053 0.04204245350111498
0 0.020172462245039734 0.4328984086231519 0.04034492449007947 0.07471538405730695
0 0.7206204056447388 0.3902877703207096 0.10193974018486815 0.05284096278752749
0 0.22263910101752543 0.4026200936803137 0.035346903765874134 0.044389711680183894
0 0.3684412284844836 0.3664559432371854 0.02606577962904998 0.022256114732251954
0 0.48503358580494943 0.38375988733733507 0.0324945083331204 0.034900833085135634
0 0.5093168444255289 0.3701644852713756 0.02393720974614166 0.023325542550632333
0 0.9214288394956051 0.4639163944844743 0.1558854858697874 0.14458437982076308
0 0.5455913403340275 0.35657510915925894 0.017220248380646976 0.01788896875763685
0 0.3845693193686759 0.3621185839700559 0.019127110429016762 0.019275922579499633
0 0.8670020489447057 0.46700142928465604 0.04677997879190515 0.1384104917942021
0 0.2834744769242194 0.3909130525262708 0.049649654210637266 0.035396930176258556
0 0.5145108463914299 0.35518379994501464 0.017581219177994684 0.016331170194892473
0 0.2980629522490482 0.38959338355041084 0.02392595592133841 0.03230003737284641
0 0.437222297524977 0.3512999235360154 0.017148183977028823 0.01785925662878788
0 0.4015533871467447 0.35647712774640306 0.015011454447311938 0.018074729225852272