0 0.30257275410587436 0.45722531852834036 0.11695778223694296 0.09928173613338527
0 0.9279367442220717 0.42816578258167615 0.10643044048318684 0.0610269525999664
0 0.7831624764842472 0.4466596735770635 0.12744844300963307 0.10000896733527309
0 0.3565138335707533 0.43908331937221257 0.08342542671708912 0.077768663273995
0 0.6775081257106628 0.42547753596002874 0.07822596003360077 0.06264432457768206
0 0.8411273348068274 0.4216160928049395 0.06371651101287817 0.06724618443762219
0 0.42010385758157454 0.4123414935487689 0.046489475403081564 0.04317554164375611
0 0.9797797963352156 0.42634493025167247 0.04044040732956868 0.05664327999946542
0 0.44431375424002195 0.40723685435186036 0.020137858605248363 0.029506351474676198
0 0.4590589596615009 0.40274056800998903 0.02004822725559587 0.021408722430962854
0 0.6149863416994583 0.40257915000878236 0.050989358423190925 0.03651733995066593
0 0.5448885626804605 0.39769384658231766 0.031232782396642476 0.033002389141541424