0 0.34139385831619223 0.44926169237899405 0.24725072303952883 0.11700173953178458
0 0.7840180416528261 0.47928643995715725 0.27504577387188267 0.13098066969467864
0 0.16003096698252567 0.38786444193223824 0.05665962674631413 0.03906312646054802
0 0.29323390109170583 0.38066906523494776 0.04760841999693377 0.02716813222637158
0 0.25251274701521614 0.38456254737235 0.04250497264347404 0.03602956583539528
0 0.21775686243763734 0.39186305011588923 0.04852785249274964 0.038022963299196605
0 0.2015220224126284 0.3819500577298311 0.03190445607544844 0.027593946410297533
0 0.31670433911552026 0.37422711175674334 0.02599349064799673 0.027091704039513075
0 0.20166425478819053 0.37783603164807095 0.03139366717584194 0.020827396873854473
1 0.6370394964834168 0.3947887103695091 0.014712916176921505 0.03955445051892412
4 0.4478495388077793 0.3771211804998702 0.10062394099262827 0.07972542771146444