0 0.19135978742398305 0.4406930097503513 0.11600178104877862 0.08543633156158358
0 0.25015358601255877 0.3969031042134424 0.0451504449228332 0.038802220558024805
0 0.43154293381573233 0.3882808890393985 0.02352428670214125 0.0243947018859207
0 0.31968570437864113 0.38830590271413734 0.024890565911181523 0.023489585719849708
0 0.34400316115197643 0.3921776824682689 0.03221396121058616 0.027169027170011607
0 0.45606601618394826 0.37183893973759774 0.016761262009403106 0.01891230697855572
0 0.5324390377066511 0.39179563102834036 0.05300331895505417 0.028027576435346407
0 0.4356328382515459 0.36382694188450787 0.014572729951323589 0.016749914324062195
1 0.7117296095666394 0.417694763004605 0.0352488757154538 0.10302689627817999
1 0.731807031888798 0.4144672531769306 0.017988552739165987 0.08993157380254155
4 0.36753883892068684 0.36901270772238515 0.025347506132461162 0.04398826979472141