0 0.10612178375169282 0.42766118352597293 0.1074122930294358 0.06899057874931268
0 0.1419835188110052 0.4013896356696374 0.05261764463984567 0.04920009340825086
0 0.37866723722643475 0.39484932788539373 0.03213261427298395 0.030185583866003788
0 0.47501521137827063 0.3937559454089153 0.027927052458094848 0.024746892039726905
0 0.009982368739006564 0.41896306221552726 0.01994763839554319 0.0517261911580523
0 0.26186924183456406 0.4022057198592528 0.039832401353613045 0.036765000687316716
0 0.4293763853932441 0.39162046072653195 0.02702714572260834 0.025426750891602515
0 0.3331749854473822 0.38651295770997524 0.02050469336895697 0.019580561394565616
0 0.06840869314048686 0.4177002072450819 0.0639509979273 0.051339993145924974
0 0.4974061306246167 0.3893246618067647 0.025768414151931724 0.02137874181902187
0 0.39011688107656634 0.37751401601066104 0.015771723924264104 0.016822374927449903
0 0.35222168467810966 0.38245362760034823 0.017661068932696238 0.019342357229044475
0 0.3788714654506081 0.3728403518393359 0.024822244464815003 0.020288193330736802
1 0.2837285363859362 0.3978494623655914 0.013082583810302535 0.043010752688172046