0 0.10914559415004726 0.5731758870920012 0.21829118830009453 0.3565850728651179
0 0.3309300470235205 0.4564210625105007 0.09685291156160568 0.09853356325032074
0 0.3232111209548114 0.393240219220621 0.034990711477284345 0.03302595599072886
0 0.295245029452582 0.39809936046134226 0.027453119210892784 0.02579418491874389
0 0.10859059780616792 0.4051508898842253 0.045477286188308076 0.030348075799578447
1 0.24300723259115647 0.4177039063454607 0.019624075339840556 0.05845312452269673
1 0.9645986611591629 0.5599242477939043 0.07001056811503475 0.3059000591378757
1 0.14105446067679056 0.4027396581506216 0.013752510775724397 0.03248952677289528
1 0.9640509916541037 0.5553343652630132 0.0714833968405049 0.2928144617164589
1 0.705641864268193 0.43255131964809385 0.02616516762060507 0.07526881720430108
1 0.6729354047424366 0.4252199413489736 0.024529844644317254 0.06647116324535679
1 0.2686017988552739 0.3998044965786901 0.013900245298446443 0.02541544477028348
4 0.47506132461161077 0.3602150537634409 0.2714636140637776 0.5366568914956011