0 0.09226350948056138 0.4674114178818808 0.18452701896112275 0.12906766800120661
0 0.155753671391909 0.3987884074012555 0.07829290906230836 0.052975830794079914
0 0.22048473592089124 0.39059217048413825 0.05513665487019624 0.04242041803175403
0 0.46946942133681263 0.3778503954934934 0.028985411050567254 0.02987876735474707
0 0.27421246682242695 0.38329846931226325 0.031554576908089736 0.0317596704029967
0 0.25450081875942226 0.38702980257781955 0.03163450152193632 0.03455747304191105
0 0.3076573993374067 0.37827039254375916 0.02752932582053608 0.027611397811278103
0 0.39766434227357805 0.37559794167735827 0.02426571662759352 0.026718900350531524
0 0.5093526520499029 0.37427258980938416 0.022799500459934587 0.02306138501955034
0 0.5362307282617028 0.36798229944671007 0.01674479299749591 0.016206295725653713
0 0.3638684201805882 0.3736880872023537 0.02545405564889105 0.029618547575681206
0 0.2905858586483672 0.38080840795970033 0.02413304126954722 0.029368619648475685
0 0.32300782846995096 0.3763903844391496 0.018334152458733648 0.024865412409121455
0 0.5214525848164094 0.37010808890632635 0.016376785440515126 0.019800329721102152
1 0.9470709912229149 0.4506200229201032 0.04668914969593214 0.14211591644137953
1 0.9938513193574969 0.4465774730037268 0.011793708957226083 0.13410265075146627