0 0.1608262081567323 0.3880354059989385 0.05733680257228 0.03893335963274377
0 0.29077843379896384 0.3882531308708303 0.05258902349339483 0.04183396146444281
0 0.21570360085463192 0.39220417280001374 0.043668146515516405 0.03759911799127871
0 0.41997387715274936 0.3553558230283556 0.01567919802100368 0.01631753722010936
0 0.2538713157323181 0.3852849906257637 0.03748117542032911 0.036561132526118034
0 0.3131598833634633 0.37355560571217467 0.028232627488118358 0.023739066175235215
1 0.967166928706945 0.5230098362658846 0.06516209100955642 0.21413519328873412
1 0.8914137658581612 0.48539114884034396 0.052004847678607934 0.14380282553992546
1 0.625102207686018 0.4100684261974585 0.01062959934587081 0.04985337243401759
1 0.6627146361406377 0.43206256109481916 0.03188879803761243 0.08602150537634409
1 0.9284546197874081 0.4858260019550342 0.03188879803761243 0.13685239491691104
3 0.24187927994685202 0.3953689918257041 0.020434450537867948 0.046698785597278226
3 0.09212503877703712 0.38962496014517656 0.02091762888948155 0.04337791823222141
4 0.4863814995704083 0.3641407687876115 0.04734446665154845 0.05213825304137647