0 0.16088550907612237 0.3879421827031021 0.057334007830865445 0.03899499141808712
0 0.21561072560869468 0.39210637037588586 0.04391398394780381 0.037807013398857524
0 0.2902731719995656 0.38818890374893084 0.0538135444347915 0.04180967866034335
0 0.2527031886801794 0.38516545598691043 0.03888134086902085 0.03662908857985093
0 0.41933982019432237 0.35530591500469666 0.014875510239932542 0.016479402693135997
0 0.459717520513402 0.363047073080859 0.02041314063458197 0.01994871137661901
0 0.31258017414433004 0.3728796398651332 0.027276276957277187 0.023295382949963344
0 0.4633950758253271 0.36267303138650875 0.020140803064952983 0.02028834248801014
1 0.6254740081063471 0.40702787009618613 0.013257754209679068 0.045617991994669475
1 0.7111008676075097 0.46268363945178853 0.04178652447554681 0.1225803408804527
4 0.4924930750300235 0.36967815798165626 0.03929486278618152 0.05222181094590054
3 0.2417193558600138 0.3952719799351249 0.02082905804438369 0.04642881093253605
3 0.09362224039247752 0.3914956011730205 0.025347506132461162 0.04398826979472141