0 0.9237239709762112 0.7053368532063324 0.15255205804757768 0.3089279219551869
0 0.6385844894246985 0.4392286134721713 0.08828308654435814 0.08082379204087244
0 0.9428608130940822 0.4248526713948329 0.11342637692917007 0.07976373129925769
0 0.858603875947018 0.41537128049490624 0.14313482750855988 0.06513122379605021
0 0.9649990078667978 0.386199727435965 0.0697640319973937 0.030932265176334923
0 0.5775357337633509 0.4101121889414559 0.03721841982126431 0.04243196280471041
0 0.5520641111684255 0.3889603749980908 0.02844373027711059 0.029867431401973364
0 0.5640604139251584 0.40309693456744866 0.0326598472314493 0.03758990007178641
0 0.9062989578808514 0.38707735391655973 0.05064640372674775 0.02778961092146261
0 0.5953087420709193 0.4223610588066273 0.04974944145096586 0.05388965774491385
0 0.5643785902445958 0.4020872144055856 0.03189623404601901 0.036939783180214444
0 0.6016118321765765 0.42887712853395343 0.034270965750843214 0.056682568025262704