0 0.16009692412756157 0.38784053202132207 0.056226329538340655 0.03929172489766618
0 0.2176518101041081 0.3919109594320855 0.04822731797849167 0.03746177397398888
0 0.6853830332845717 0.4210389883986666 0.048541364568428044 0.04010311063317143
0 0.2909317952340875 0.3883959787915063 0.05302140991510374 0.04216213729724157
0 0.45313535551506284 0.3669708192290216 0.019313409887954824 0.02003728096552725
0 0.41923887263724574 0.35551688305210627 0.014994661045776268 0.01593903572328629
0 0.2514853302026906 0.38407259556088863 0.040166572577039046 0.034213665526866444
0 0.20129289104620746 0.3820011888431314 0.0311196078458772 0.0271759480674945
0 0.31387271709551307 0.37322863805328993 0.02823876593801104 0.024848110165414224
0 0.20153538477001673 0.37789873736578233 0.03076861826786718 0.020407847295408725
4 0.49202924776740087 0.3694382086760371 0.03939217967472404 0.05344785390128605
1 0.6258656711531582 0.40722680115163734 0.013779073295686835 0.04638850863728006
1 0.9208303655841169 0.5714886051002719 0.09549671338409649 0.2669425360268512
3 0.2571545380212592 0.3890518084066471 0.017170891251022075 0.03714565004887586