1 0.6108767243554528 0.4980177595002444 0.06361041065131848 0.1905614232038123
1 0.6947020486253066 0.4757618535881751 0.04692031473579313 0.15291812482817083
1 0.49200000279474143 0.4090118109888578 0.022350046153158217 0.06711054081324841
1 0.6443172526573998 0.47947214076246336 0.035977105478331974 0.1652003910068426
0 0.026093460357491344 0.38636618695301045 0.05218692071498269 0.04625298433872495
0 0.07555945701318399 0.3817962020023827 0.05232240329096771 0.04152795040246212
0 0.2503398729949727 0.34853454768832476 0.01689219065406531 0.01686431795271261
0 0.2502210715318057 0.3488109957787298 0.017110030766110486 0.01627079133064516
0 0.3153247100256158 0.35281264677075697 0.025625333372725878 0.023279930256445504
3 0.059945128340264955 0.4381534281830401 0.06970440200967859 0.13250499736528593
3 0.004891516435175574 0.40411878121563416 0.009783032870351148 0.051742061491935484
4 0.27589933032006975 0.3484782855648216 0.0289849868487454 0.035503965435606064