0 0.16088444233330565 0.38800651423509286 0.057315155802841376 0.038939236429313295
0 0.290827953123403 0.3881265261772208 0.05267324003155662 0.04222015947657014
0 0.21567549124567215 0.39215062533888534 0.04353387416237607 0.03735503702918805
0 0.4192266456435571 0.3554928388996441 0.015052951366708402 0.016418606188523338
0 0.25274763005928047 0.3850824499642977 0.038336166668795996 0.0362517505097599
0 0.4670052579067227 0.36404645664367974 0.014476810433488349 0.016460459719422043
0 0.4925652142927867 0.3690494600745357 0.03933483756962899 0.05305017077911168
0 0.3133717596969542 0.37366205925815615 0.027802436934663735 0.0233815361910435
1 0.6255163035232906 0.4067920226155838 0.013145315773839943 0.04588044913283541
1 0.6738447187771489 0.4462143197903302 0.030621732148788838 0.10416520492538796
3 0.24205479968890536 0.3957099206053733 0.020587312912024733 0.046470485474706745
3 0.09321340964840556 0.39051808406647115 0.024529844644317254 0.042033235581622676