0 0.14807130153902417 0.4363981901375779 0.09362204076809076 0.06988116699696054
0 0.2428542704048063 0.4140124726505224 0.05354929165282604 0.04080400066058773
0 0.38550523335292314 0.3998076587128849 0.03026660036475368 0.030250168965359238
0 0.18194394177914835 0.4144184041699123 0.04971790079785875 0.037227298740301194
0 0.43303871934567917 0.39724261599901484 0.02552901460611713 0.02539304134782808
0 0.09209441826758771 0.41902779647215604 0.058041607661025015 0.044061476184475805
0 0.47034028272402645 0.3968207544828324 0.02526241623760732 0.023679910400629278
0 0.29276406014443224 0.3959689172947978 0.023733992120426206 0.025863751871028837
0 0.012272119717040416 0.44966625165146934 0.024544239434080833 0.07553324321847507
0 0.19897955631683426 0.4055773006972446 0.045135710147785925 0.043388717218811095
0 0.03992711194011878 0.4215642606524545 0.07873910441324541 0.05104689910381537
0 0.4877005925650296 0.3934336762041407 0.017091041496320524 0.0182861149136272
0 0.3132588471531965 0.3983732430466459 0.03191195446647588 0.02610872777675953
0 0.35242386675231885 0.3890736301157365 0.014779565769048958 0.017849203428564882
0 0.4324495778742718 0.3729606173488285 0.012253394013823589 0.012907682625778958
0 0.36320783813177127 0.38424318673440555 0.0179564631189953 0.01752544265105694
0 0.39422815779828674 0.3831861837168942 0.016966101583260937 0.016676886923035802
1 0.9343685920571853 0.4865690289121686 0.06694184222966067 0.22665190486963893