0 0.16171793653062397 0.38796224435636606 0.05929620326393857 0.038869251836663
0 0.29110528130270086 0.38807008506498963 0.05238458316831051 0.04211216961067327
0 0.215800088054317 0.39207143774247005 0.04384268061216016 0.037515500423845306
0 0.252394432136492 0.3851739132043087 0.039397145331344544 0.0367300680539009
0 0.4659826570325276 0.3612264146553107 0.016522012181878577 0.02255058102127627
0 0.41933660125108596 0.3554767448298509 0.014911991596611815 0.016317626714473364
0 0.4925218458947644 0.369252149893275 0.03964345687155049 0.05265761866714015
1 0.6256273695414708 0.4061774648179756 0.013237592146616926 0.04694215060445687
1 0.6762060506950123 0.45112414467253176 0.027800490596892886 0.10459433040078202
3 0.2419275640953981 0.3957978637337335 0.019949512996346074 0.0457266679840237
3 0.09484873262469337 0.39002932551319647 0.024529844644317254 0.04105571847507331