0 0.17541812232353604 0.44728790909663674 0.2840065351784083 0.13506948819724462
0 0.9268399579351492 0.4795395449342849 0.14632008412970154 0.1109978609653745
0 0.2510580965854648 0.3855905989631064 0.0409028621745324 0.03795375432436767
0 0.2912184184238936 0.3882358137113957 0.05243903071979763 0.04131826510760325
0 0.21688387380305219 0.3908316574022101 0.05017157216980529 0.036237133096972754
0 0.45222626605778565 0.36787844123728464 0.017519784772971177 0.018578642158098117
0 0.4298587028646898 0.3640707841949612 0.017125326984745504 0.015934501342176808
0 0.3139490858999706 0.37245682374240136 0.03215127915314544 0.02408863116103067
0 0.1642037342536284 0.37526527621063205 0.04353328776573998 0.015011516134759897
4 0.4858814404815898 0.37264279303079945 0.04322511761868868 0.057836359197443184
1 0.6230580539656582 0.4046920821114369 0.014717906786590351 0.043010752688172046