0 0.4757603094018295 0.41053579559773645 0.09055770661922527 0.048531242363147604
0 0.16011532076245336 0.3879848416832768 0.05655996427122726 0.038995289732633796
0 0.5260648064601645 0.4208391623995754 0.14514689160874897 0.06441690961403349
0 0.21559551672572888 0.39225188821175466 0.043921594627548806 0.037353217310453324
0 0.2900128867522869 0.38866383542296706 0.05578842849294767 0.04144898654195687
0 0.45221331542569504 0.3669106342692296 0.019144178314084218 0.020234198397788367
0 0.4193808804353728 0.3555966076147055 0.015394159349767478 0.01612503484313905
0 0.2531162489659457 0.38492188215954914 0.03784661281333044 0.03567937438905181
0 0.20130839312749133 0.3775680407750642 0.030744501146642476 0.019927292392167645
1 0.6229839184590275 0.592897700424418 0.10317361851939391 0.3117608063847904
1 0.9574208668968469 0.5193352424271063 0.08224255241337898 0.19309867791765944
1 0.6256812681258943 0.4066177323416881 0.013775380244531888 0.0460967570106305
1 0.6999182338511856 0.6060606060606061 0.13900245298446443 0.3225806451612903
3 0.24207336475687347 0.39522832160121885 0.020236522958401473 0.04529256065570015
3 0.11324611610793131 0.386119257086999 0.023712183156173343 0.039100684261974585
4 0.49427636958299265 0.3655913978494624 0.03679476696647588 0.0469208211143695