0 0.0691450607284404 0.46216443789902556 0.13813044061352753 0.12697311207462733
0 0.14620964817599205 0.401346723122098 0.07241582987450812 0.05728450711754643
0 0.26820081584490624 0.38857738386734025 0.039052044672743765 0.02857737014487109
0 0.308549171379133 0.39035687488544724 0.036492959846752354 0.03149402129918133
0 0.44733137628238706 0.36522818497315646 0.01724230687538328 0.018853091541040444
0 0.4219671765605836 0.3778004874698344 0.021627306060915782 0.02290107078216642
0 0.5013629105475138 0.38848058079694375 0.05039652390062858 0.02916123137562622
0 0.3299936838844031 0.3829324970264006 0.021012812292390638 0.029290222585609114
0 0.42841554331370096 0.3574240974433727 0.013603503647536794 0.015869051130635997
3 0.785054840811529 0.43747531447126253 0.08331044307031889 0.15108686132048815
1 0.8553647207414529 0.4551669630720002 0.05541937290793643 0.18306119887127323
4 0.3515944399018806 0.36412512218963833 0.03434178250204415 0.04985337243401759