0 0.40313791819312783 0.4393705664492073 0.13014848760572106 0.07145083847866264
0 0.9173678556428224 0.47718509737464104 0.16526428871435506 0.1516994800735429
0 0.8572542404212234 0.4646683261308269 0.18638140474882461 0.12111346859153531
0 0.03049294946628424 0.4221738962600425 0.06098589893256848 0.05254563138631781
0 0.9712190542275654 0.5260770467719025 0.057086186631234666 0.10503022761638563
0 0.5312307611997266 0.4103949613002505 0.05272005195025041 0.055778973263379765
0 0.07305478074954166 0.41728155261027616 0.03795280674882142 0.04389895441944648
0 0.47877790649114627 0.3905243188404967 0.01607869632499489 0.01692368254750122
0 0.4994821743407604 0.39708667206973974 0.013451190240443582 0.02655053162038734
0 0.5257195311302254 0.3937112131426411 0.04839419148929375 0.03581904525980572
0 0.37978658106906044 0.39546791292938205 0.02700126941147537 0.015431543016480328
1 0.6526959872304272 0.41018071179282745 0.02421174318402494 0.05928023143481183