0 0.05755073519291102 0.40435546397696726 0.108323158831842 0.06728967869852762
0 0.14966094796031787 0.3922463395611865 0.07074942787650756 0.05108958791544477
0 0.1968473245740814 0.3879655258163795 0.03929034628443121 0.03928599725836999
0 0.4460545287986125 0.37474171926548755 0.028675594002325226 0.029220566138960166
0 0.22319542923036015 0.383820117044309 0.03511833384304094 0.036037232519244865
0 0.3240454760322976 0.37324207712361773 0.03592939524989779 0.03247717655066288
0 0.3530891150211762 0.37639994542037053 0.028675069988309997 0.029275545509912633
0 0.28106337615143345 0.376923010146513 0.0254144302081204 0.02987927448947642
0 0.48714141970468366 0.37106885565107983 0.023451623425362837 0.023536092957676565
0 0.501377857423472 0.366434255769642 0.022416421261753885 0.021114822939577223
0 0.23811567404771183 0.3806306572370632 0.021937347686592907 0.03408947718108504
0 0.5167736886274785 0.3645510855308376 0.01581274673574203 0.01737550975989736
0 0.5353135789698104 0.36050250966061825 0.022838177684868153 0.016974336357526883
0 0.3798904606093175 0.3739278426035175 0.022380463919089842 0.025448647179328567