0 0.7131481155058642 0.47016790395608044 0.14553660831778925 0.12197720852998228
0 0.9476872317048242 0.4824062134862995 0.10434745981960343 0.165344596258706
0 0.8784767082258024 0.4429575602213542 0.16302155863527187 0.10782236227891312
0 0.5517136456044307 0.41504373112265547 0.04745081654359158 0.04673512030906342
0 0.17961869196919078 0.41805186043270404 0.04172825910766302 0.030792445148307673
0 0.2106520620799903 0.4141898653957035 0.03530027899504293 0.030294409012631352
0 0.7044244549455744 0.40365782557810975 0.08218226584857931 0.03507588406112536
0 0.7933987658821162 0.4150106032922471 0.07707941736827985 0.04070263337762708
0 0.7997336711244123 0.44404761649063723 0.06886821756183566 0.0896738300342131
0 0.9840124322075583 0.3888905246469865 0.03144493321366517 0.030738241395176565
0 0.9121522942431521 0.46602213720655394 0.17569541151369583 0.12189147292926747
1 0.9465624480976594 0.38132923532674273 0.029323225419051514 0.038549965777355207
1 0.24579002149555396 0.43440950604361406 0.027545021287944605 0.07944793552014602