0 0.9186983272274888 0.4994182866339809 0.16249554837617539 0.18014022215603617
0 0.193618375165289 0.442647864974722 0.07508998568293898 0.05022996471774194
0 0.4694369574209168 0.42512788147986924 0.03677400603025348 0.03562967518557551
0 0.5507266776832711 0.42525150302801196 0.04052180417326758 0.03507976215023216
0 0.23547486798839304 0.4364937402868784 0.04316530516180754 0.04191358161695076
0 0.8094432765308796 0.4569574768126069 0.103859727536667 0.10152067630055596
0 0.8729017231177816 0.46750414895871517 0.1578075193715505 0.12393901448329056
0 0.2599440268191371 0.43345604800525417 0.028310605764194093 0.036906282456622676
0 0.5245904555987454 0.4060854944432353 0.020258232110460957 0.018435868816058774
0 0.6021774928294921 0.4279269668713343 0.040252760406020036 0.042755216447489
0 0.3147468972381567 0.42313006896077715 0.03169406444833402 0.03081392379566838
0 0.4910735210627683 0.4174121398030838 0.023899480737045176 0.02534769753673326
0 0.501104871074586 0.40142622394878724 0.017338376111508586 0.01806753984527737
0 0.3961153942741338 0.4003080664492073 0.019960242807134095 0.017473864065936585
0 0.28965108002781964 0.42697802829835657 0.0391371844736943 0.031099768794293745
0 0.4451489826742002 0.3873774732662436 0.015542006161207073 0.01609529288283541
0 0.33681549795904026 0.4191607701813371 0.024301374533677433 0.027062170899392106
0 0.35072043443057543 0.41657875336976113 0.022353040518959526 0.023668574447855573
1 0.2923571507850828 0.44445330935838984 0.02077780448308463 0.06133183006666972