0 0.8559315292345921 0.46991806552323895 0.2446483696277085 0.1368285595846316
0 0.09061173620715263 0.4317763730344651 0.10309255854184766 0.06586758342306635
0 0.6194321265107574 0.44440368473355024 0.08439590067329313 0.08139208125229105
0 0.16631743211972352 0.4204672685699612 0.07159343978370299 0.061352712084937075
0 0.21269756326496064 0.4170042244919584 0.03879046186695115 0.046246123104151396
0 0.7532466660731169 0.41051985068521657 0.1234187253264258 0.06195554612086083
0 0.969865451167084 0.5075352315445916 0.060269097665831974 0.17350275332394
0 0.3726778069384646 0.37976555996742883 0.027416837478600267 0.023641875295928032
0 0.49457268703208046 0.396433527285519 0.03174661556814697 0.033670792714824656
0 0.23407441557964534 0.40946235544870324 0.03524398491797833 0.04439358976929069
0 0.2953488965163149 0.4023449730896414 0.03147926860818684 0.03229135641953812
0 0.5200794435190745 0.38302707765342436 0.023319871330105275 0.02331101463220919
0 0.2684962349842536 0.40648741363197244 0.04386319201789912 0.03936305190577651
0 0.5554927348700684 0.37035870295698925 0.017901117257767784 0.017233512035679376
0 0.3891690145821622 0.3760986477282273 0.02025553718123978 0.020325810795072702
0 0.44480126194552333 0.36424693893477367 0.01858602852872036 0.019396680307994258
0 0.7494241585033601 0.45450191553736713 0.07399082885642376 0.08958179999656342
0 0.9887499680600981 0.41563184333570075 0.022401050183973835 0.037498556157594086
0 0.5248708280499412 0.36796613079828017 0.017713420428122444 0.018363050235215055
0 0.4037652627815502 0.37150338061976873 0.01891643184184638 0.018768131558146994