1 0.9196664555971484 0.5980832574421127 0.11951252523252248 0.3132227564836877
1 0.8169467579801845 0.5748576055174349 0.09467241438509301 0.2727425762635172
0 0.16006184637985166 0.3880335117015671 0.056373290516564034 0.03920038098347385
0 0.21866551521656852 0.39218150089446635 0.050130861271431675 0.03749011385592314
0 0.2915135755562334 0.38832117641892716 0.053262306643818993 0.04250839099156892
0 0.6728333467747087 0.4232264693065356 0.08197026474984669 0.060682936264739126
0 0.4529414453763798 0.367015432169477 0.01890622604507359 0.01994113418713343
0 0.41925771218874563 0.35557107188951004 0.015365513250268295 0.015960245887554986
0 0.20125999669022768 0.37738996190642565 0.030036109057197977 0.01958897386478189
0 0.31411190454041676 0.3727646246916621 0.031140930225687348 0.0244121234554466
0 0.2010960177330335 0.38182194654776086 0.030616242478153106 0.02675756191578079
0 0.6496320523303353 0.41935483870967744 0.08421913327882256 0.05278592375366569
4 0.4923756210314672 0.36923806944667187 0.040121158029052535 0.053885242689623046
3 0.24867398253446316 0.39269739115576124 0.017440508938381543 0.04147186726768695