0 0.8061609525516787 0.5250329160270802 0.28538457039234977 0.22706253484313904
0 0.6286346610218213 0.42697216641751434 0.09857112856449304 0.0874350688557704
0 0.9345061831657553 0.6787910647872373 0.13071215201476902 0.2890633352807307
0 0.3838900849162216 0.3714369161387692 0.08065401640273662 0.036319229260218105
0 0.5981116680853307 0.41202774122430197 0.05710190705169154 0.06195703769359421
0 0.5735096342721535 0.4040897253787879 0.04294219995656173 0.054206497624938905
0 0.5643391394751636 0.38969079816562807 0.04039269710113451 0.035672990457752934
0 0.559565895810443 0.3892559450509378 0.032062221723604865 0.0335928431237781
0 0.5539801808916343 0.3792914635741233 0.030829491229302945 0.03857344313217864
1 0.48609975470155353 0.3626588465298143 0.005723630417007359 0.02541544477028348
1 0.4922322158626329 0.3626588465298143 0.008176614881439084 0.021505376344086023