0 0.08499073307696221 0.4619291572160618 0.16992539010533814 0.11685720613391984
0 0.1763588506865482 0.40765234685247126 0.06416945874642273 0.05142059773643695
0 0.28209749285743946 0.39666947917621276 0.03539707186957022 0.026889058967955768
0 0.31714911472573204 0.3988786475516251 0.03549523716175644 0.030180542350164957
0 0.5079533599579032 0.39752052583069863 0.05159337191141149 0.028788397855190006
0 0.448164333989166 0.3746513896207539 0.01733797686273508 0.0184966951521261
0 0.42322340034990164 0.38853553033644156 0.022279703509875817 0.02416601395443854
0 0.4292338535811018 0.3675532038027706 0.013862416477156582 0.015876777477394917
0 0.3363439227749067 0.3928161800082478 0.019303703152148917 0.026866327399499023
0 0.47604280286213463 0.3679633564729961 0.014606366660491619 0.016744574493676685
0 0.3151050732940898 0.373362372464565 0.01797862142592498 0.018082694224248533
1 0.8093287170859311 0.4524675147391251 0.05038269991184587 0.154693514021261
4 0.35363859362224037 0.3724340175953079 0.03025347506132461 0.05474095796676442