0 0.8097894252175107 0.6351640688242683 0.37892157117168335 0.34722294812095245
0 0.1078678104609178 0.7333930678381598 0.21556853717429075 0.5110231998029692
0 0.5452138007125792 0.44531169455072395 0.09372769197478026 0.09211332707111437
0 0.8961507277905892 0.8340931106522635 0.2068844761696392 0.30650715907181697
0 0.3882982654836659 0.41496918231744107 0.03734380888919409 0.037822913564195385
0 0.4681686937857727 0.4192652101041285 0.04206385265484464 0.04275524627894367
0 0.500346348311018 0.43299452557009105 0.04265823426640433 0.0667613039734543
0 0.4457579119129446 0.4070499155411855 0.04058184120758381 0.0420624405757423
0 0.4206396244825736 0.39851761237150995 0.02196866376226492 0.022537216529585166
0 0.4522169585707533 0.4137197067544141 0.03350635444347915 0.03770367723988881
0 0.3759561010003577 0.3934028901429237 0.020717817354865085 0.02127946273788795
1 0.30652721339527544 0.4178619683080172 0.014526217469209934 0.07532200668797348
1 0.29279724769873006 0.41777672492630435 0.018801872396897998 0.06822674435254765
1 0.3544562551103843 0.39589442815249265 0.005723630417007359 0.02541544477028348