0 0.7725979546884582 0.5378799363897926 0.23104551475942867 0.1875580818422379
0 0.6491421491321928 0.47862081070915813 0.12166682170827371 0.11794760546493158
0 0.5975301871997649 0.4398259585204362 0.09957813378347302 0.10304703251008064
0 0.5226781537858366 0.4046236040072474 0.04131411336429375 0.03672535468406342
0 0.49390791287114166 0.3923795370062775 0.028726847563624286 0.02863115625763685
0 0.5520048227255596 0.42953571755865105 0.0259373462892222 0.05381797275934751
0 0.46733077042237325 0.3843050870028409 0.01846006554067866 0.021464686239919355
0 0.48453045749118456 0.3868324824209204 0.02540270227539861 0.02729628815562378
0 0.4232645604031454 0.3807388857545974 0.017438038586595463 0.01702325994318182
3 0.4517579721995094 0.3866080156402737 0.01062959934587081 0.03225806451612903
1 0.4178250204415372 0.38563049853372433 0.006541291905151268 0.022482893450635387