0 0.88473126465243 0.6748636792016053 0.230279555987454 0.394480447032701
0 0.6335698749233443 0.45256069328777954 0.10375567332507155 0.09204402860192143
0 0.574632296870209 0.4259141192990897 0.0528880358717038 0.05628073833088954
0 0.47163761666049164 0.39635071516736164 0.022191244953495504 0.021971075182902616
0 0.5500853094816792 0.4111492198000672 0.04245172283830744 0.04485893063065127
0 0.5172639162152494 0.39733454162657317 0.02547456705463001 0.028340359237536656
0 0.5288563039784342 0.40580574997708946 0.02076862176129395 0.029691604808162266
0 0.4421666192891455 0.38788863524197364 0.014307878296197875 0.01327806996693243
0 0.5052137398271412 0.3915605591655593 0.021254806955233033 0.023731369659930963
0 0.4595372846452116 0.3889541551397926 0.015218864185149223 0.015056919608764052
0 0.5621868142902315 0.41808003624163764 0.04164399266340454 0.045085261877214684
0 0.5556248612610512 0.4187335837504964 0.02585969240277494 0.04238408331996884