0 0.1389575874035415 0.6476412984749206 0.277915174807083 0.3733457861757698
0 0.6860194607825915 0.46359639247025447 0.15851778293962082 0.15417716137241874
0 0.2544384299002996 0.47474218463618034 0.22308717666838077 0.23245397364522238
0 0.3617339988078432 0.4495694933282548 0.10725122110237377 0.13337932747013992
0 0.5738596756343265 0.41454951341317664 0.06305375804885527 0.05142510228609176
0 0.41488093503264256 0.4240183601864156 0.04996293973259914 0.0651309553129582
0 0.541136098317406 0.40714659928576336 0.042924932447107524 0.051524083052679005
0 0.41935484192942557 0.4106828050063386 0.05602049184254906 0.0639920500366569
0 0.4605481076805882 0.3919610315287451 0.0291960147785926 0.02651473387478617
0 0.4946529859416522 0.3973238321343475 0.025878756531709936 0.03179370809277248
0 0.5106534794131362 0.40059045099909124 0.035326080447030866 0.03491774751993219
0 0.510695650064838 0.4006486521671478 0.035447152637597096 0.03481047360894734