0 0.817578169915487 0.6657089278145619 0.3641080443038379 0.38291840166407015
0 0.10109471021035804 0.7439316258285985 0.20166516179738236 0.4964743993615591
0 0.5522915582040832 0.4525240453457203 0.095651222659444 0.09457036500336022
0 0.9155049359125869 0.8610253357351234 0.16899012817482625 0.253336827193304
0 0.3900126771466808 0.4136763019878727 0.028788531499131235 0.030675386520191836
0 0.473307050453866 0.42540206237971956 0.04256535902046709 0.044231276824444034
0 0.42532488369883226 0.40473882800090116 0.020018982282936425 0.022267152370478983
0 0.45113526887807903 0.4126549028115072 0.040819344321724245 0.04109736318578935
0 0.4567327366826579 0.4206573545991034 0.03229997436822874 0.038165736641235945
0 0.506710897774747 0.4395784021938768 0.046175765679297834 0.06745276726119563
0 0.40951894914528825 0.39787731002852367 0.019875502254957073 0.018732691790001834
0 0.3744072029070102 0.396219769997098 0.019362542440144626 0.017572755338159825
1 0.2825200103485282 0.42806979987628296 0.016693689154486917 0.07254991876298265
1 0.3032386511539887 0.42652545529959374 0.018216074633968724 0.07103722535969574