0 0.09835242985984582 0.7521245365385203 0.19659797666336998 0.4806878322030792
0 0.5631734328687142 0.4517899081620769 0.09717226067431521 0.09608428149628849
0 0.7870889634064544 0.6469734915307307 0.42582207318709114 0.35902955175494866
0 0.9391679615635221 0.8831619158285221 0.12166407687295584 0.22171459030196114
0 0.48222349826566335 0.4238254252533526 0.043041113840198285 0.0442331562060881
0 0.5162423883221331 0.43888968339996487 0.045005817054630005 0.06938017754727212
0 0.45779201853791907 0.4118360293808804 0.03733095806929681 0.041076600493340665
0 0.3959929995720053 0.40061840307211477 0.020442036264564596 0.022117726614048754
0 0.4342818303080923 0.40317131929966243 0.02140736989280969 0.02197047855380926
0 0.41953541466376865 0.39655415077246764 0.019666770005557544 0.019112655028103616
0 0.46640294122578957 0.4189265335992867 0.032542717622521464 0.03965205903859665
0 0.46168282260099397 0.4197958669354839 0.024189934219772075 0.03918009559429985
1 0.279628288911584 0.43229802076651086 0.021807242492526063 0.08580886676747312
1 0.3061141531095091 0.4321371844786703 0.020370695499348425 0.08556332406410373
1 0.36917416189697466 0.3978494623655914 0.007358953393295176 0.02541544477028348