0 0.8572894242193888 0.5483485545347629 0.2854211515612224 0.310586729823436
0 0.19717037297620796 0.5069860642956149 0.2651555957310724 0.20486378599821298
0 0.7203931831865162 0.48096544372021627 0.13466696064684688 0.1702431001038612
0 0.37143922495432596 0.4663262241397086 0.12496591413596178 0.11639452027202468
0 0.43002863312391404 0.44290701082141987 0.0734919675139258 0.08623462128848973
0 0.5535075202498978 0.4139894278517916 0.050769072912408016 0.05122045850707173
0 0.48519787667524783 0.41568136355044905 0.04940069764730683 0.04606292814103739
0 0.6590943480746627 0.4529815554502306 0.042689874731704824 0.10216596049647178
0 0.645802333329607 0.42565558499721257 0.056909868391634304 0.062349619637020404
0 0.5101881799206612 0.40842783043228403 0.027368104175183972 0.03478815968085594
0 0.6287922395221152 0.4061601625742684 0.03656345220832482 0.036382233292476175