0 0.7316255234151421 0.48511480516003025 0.19670997051947056 0.1846858497239278
0 0.10569247903145441 0.7163233901515151 0.21138495806290883 0.39205070488147603
0 0.3473978736609196 0.46501012002268144 0.13540330015043694 0.15488700083623533
0 0.19854961061516652 0.5047830561155914 0.3043398510113371 0.2919402807688783
0 0.4150563424859784 0.43232313885134105 0.058615583917301206 0.06986240301197459
0 0.5872307915426334 0.42129104927488087 0.06680504961863758 0.055230551800769793
0 0.5197137815486381 0.40584508275006875 0.03688065535887674 0.03615599154027676
0 0.5531128628372853 0.41278255160603006 0.047106963537408016 0.05378080276683162
0 0.4230440627914516 0.4178843269832906 0.059964246274210445 0.06937978973836144
0 0.467552128914235 0.39666521327819526 0.03019573370745605 0.02692778019611437
0 0.5034971697254446 0.40267559510172285 0.026974744321085445 0.03271573869364003