0 0.816845523463052 0.661114227503742 0.3654739242641047 0.3800678271818487
0 0.10140345638537153 0.7420707844336129 0.2019300092368075 0.49653600131544784
0 0.5519201071264309 0.4497824004202178 0.09534749415499795 0.09384000149873228
0 0.914267938447018 0.8591713704904387 0.17146412310596382 0.25659000698771994
0 0.47232385044300645 0.4223610886380819 0.04333990164107216 0.044012880744822215
0 0.38976602874032223 0.41368299914944556 0.03117476655924213 0.03413473149781586
0 0.4256617124219069 0.4012531120173509 0.021980765990711876 0.02286336382346652
0 0.5061512508064825 0.4368672748464993 0.045099890046887775 0.06775576534625488
0 0.44931229897824254 0.40977692813817357 0.03843333383904845 0.040337466541040444
0 0.4548956184044103 0.4172544059865286 0.030367859834934587 0.0397979646833761
0 0.4090340739863872 0.394418516932811 0.02105785254465198 0.019866495887554986
0 0.3773473582107906 0.3945847825454011 0.021478386268397383 0.018427038705477152
1 0.2854288870062091 0.42787775988686005 0.015715429847199508 0.0623441903122709
1 0.3048311297462694 0.4251729269764174 0.020604929764155764 0.07099916042353983
1 0.3581357318070319 0.39882697947214074 0.006541291905151268 0.02346041055718475