0 0.8173899490718265 0.6652129053020757 0.36444755547960955 0.3826268588576032
0 0.10111135801183134 0.7438634012917735 0.20170255818039495 0.4968351809743096
0 0.5523631734528311 0.4518740776114217 0.09566389880800286 0.0942024238414895
0 0.9155249233043106 0.8605801012742088 0.16895015339137878 0.2545522203193732
0 0.3901028948929694 0.41130295620169693 0.027112160758317152 0.029065412743233748
0 0.47318173624508125 0.4250143429634042 0.04229945933731091 0.04400670563370601
0 0.5063671445807568 0.4391358674796096 0.04425637720065924 0.06717262007041178
0 0.42572140011354637 0.403858591268023 0.020489871258240495 0.022540766472690616
0 0.4505963329399402 0.4121720956334387 0.04007534423229252 0.04086786980503116
0 0.45697018989070165 0.4204904625259653 0.0327256733729814 0.03816570680978128
0 0.41035758367056546 0.3965947961294523 0.020766001691217804 0.019336420769565616
0 0.3737597586381465 0.39430775274163 0.019840518081178454 0.016954528271627568
1 0.2818677376648099 0.4276122897717727 0.017446472716935814 0.0765552390239339
1 0.300687451491274 0.4282277275972935 0.017374657843801104 0.07370039864369501
1 0.35854456255110384 0.39882697947214074 0.008994276369582993 0.02346041055718475