0 0.16310581942610533 0.61399280477246 0.32620687048062863 0.3038789184212335
0 0.3312116920801819 0.5066360070908175 0.1575572402966578 0.16490804275109971
0 0.8169982111658703 0.5458352246475593 0.20176441008598223 0.2195069433307368
0 0.4486880111382423 0.43650084017308927 0.0690266943718699 0.06339306425838527
0 0.6815592281563011 0.4584319859539192 0.09266084934587081 0.09279724300082479
0 0.7368815337061785 0.4856789477992501 0.12748662117359977 0.11969701146100623
0 0.9284631537299417 0.6655468535213527 0.14294094232292517 0.42488952815707476
0 0.647548722324075 0.4335086408598332 0.053298513516966475 0.057564922791422286
0 0.6266092220877197 0.4217174600879002 0.04264835285926002 0.04528731031967864
0 0.4792255891314902 0.4243445522274789 0.04129719519751635 0.04516968489392412
0 0.4967751179380877 0.4144357213293469 0.033363223758176616 0.036886355044904694
0 0.5021659994554247 0.40634264158247035 0.03196929657157093 0.03183162387165506