0 0.6436195903787434 0.45749263819361713 0.10578480531032809 0.099904318592299
0 0.4209925354453061 0.6304421970222003 0.5376004010853178 0.3388719903642015
0 0.4809873242506899 0.4217486787052099 0.03643045246065004 0.035864299576536536
0 0.5542965356385425 0.4278088193951231 0.04457143438905356 0.045827349143527006
0 0.5976695250217191 0.4441785467451735 0.06155378040678659 0.07418146068166545
0 0.529359282573909 0.4150862409455569 0.04158190947912408 0.04237608849011791
0 0.504499783207916 0.40586979811026086 0.019858933430856502 0.02168156091535313
0 0.5381373657326375 0.42344690884080216 0.03687855930281582 0.03929643826750367
0 0.5318787170060814 0.4227325200801488 0.026021038813368765 0.03999625436255193
1 0.24672131916585752 0.45675107297776146 0.04576104601581664 0.1293272314882698
1 0.2795528184168668 0.4494452154881094 0.03921725880583095 0.11108580409373472
3 0.41618969746524936 0.42130987292277616 0.027800490596892886 0.08211143695014662