0 0.2074171473330781 0.5708154732414238 0.31637690833427823 0.23925861794927603
0 0.8989013272626226 0.6792645048885402 0.20187155847557237 0.5005498235409793
0 0.7815628862731884 0.5209222459839703 0.15482612915538124 0.18246203410427358
0 0.3671218111002338 0.4936368612250275 0.13003465179917467 0.14319855959417765
0 0.4639713914298855 0.43529925901053124 0.06480775772306828 0.0599944262910099
0 0.7256419820465811 0.47553043607859086 0.10805598186452371 0.10738372056948008
0 0.6810140040499796 0.45314160120452257 0.08352134623492437 0.08549578565073619
0 0.0322971515546348 0.6860647788844849 0.0645943031092696 0.34930968820640884
0 0.6537313141592779 0.4315313822130071 0.04976002154346382 0.055058603296065496
0 0.6329439526586774 0.42112532062847474 0.03751071982956868 0.04340598963106366
0 0.4935638851936197 0.4235763922697871 0.03722660442112122 0.04439036797218658
0 0.5091845433632078 0.4145892936579759 0.032197966306597506 0.03584273143481183
0 0.514447790038264 0.4073143564710869 0.0314162372080693 0.030405650507087