0 0.7645947135869149 0.5003711927904295 0.3297683578578547 0.17874333445976906
0 0.44811936859604967 0.43539664379429377 0.056100441409443993 0.059304573901820624
0 0.22401107575985027 0.42002279481114063 0.11803380758764309 0.053780027149010264
0 0.07116364535989082 0.4352314968612537 0.1310274899249572 0.07718715872815861
0 0.032964028009896576 0.39178028274491383 0.06592805601979315 0.036452605694037146
0 0.04443131756412135 0.4536577301174548 0.08487011932098563 0.06412229416773582
0 0.5438949073423447 0.4296000938378238 0.10464380222173958 0.04956233676228006
0 0.4995556111620375 0.4040684853830645 0.07638232900973528 0.041247773380223604
0 0.2684537025133509 0.41188792119627476 0.10789029362351799 0.05161781348324475
0 0.3898065400143091 0.3834101284470843 0.017632173302713616 0.017063681564256476
0 0.5117367161948079 0.4180154958894642 0.061831757365341376 0.03722446475210777
0 0.47192283000306623 0.39142379686163553 0.0612840878602821 0.02859750637677175
0 0.34523115056709297 0.3920606835030624 0.029258322540308156 0.028819661219681696
0 0.29922244554645977 0.40000650027397205 0.05532158191147537 0.03073388600279509
0 0.16935711265682493 0.3962481695419416 0.081362907553148 0.028580979750885874
0 0.32301910724780253 0.39487079161702715 0.038105899938675386 0.030636187988758553
0 0.29893551044354943 0.39965900857427605 0.054739726730184485 0.03007094158571603
0 0.10586211297322957 0.40406229535622096 0.0887406443535843 0.04780231076834372
1 0.43254292722812754 0.39002932551319647 0.011447260834014717 0.02541544477028348