0 0.817399555995439 0.6649208106136975 0.36447365636817763 0.38256119982587977
0 0.10101092714612248 0.7436419027408663 0.20149972949569964 0.49714703900140517
0 0.5523565109889232 0.45196982166517746 0.09558699351300592 0.09429379758713649
0 0.9154177749147204 0.8603159437431268 0.1691644501705591 0.25484928194495354
0 0.39062373987105864 0.4090180606786107 0.025298673016851493 0.026004377348332112
0 0.47307032088422424 0.42509573808746487 0.04201494468008994 0.043757941133232524
0 0.4257544878556508 0.40367445661408696 0.020418305915589227 0.02249712305451185
0 0.5058212716951783 0.43919996035996306 0.04333890351913839 0.0669033911920363
0 0.45035905440323487 0.4120961894970369 0.039497980599703594 0.04058784194006598
0 0.45732417383451296 0.420512075414872 0.03351538744697976 0.03806210216772055
0 0.3691039315424098 0.393746593247877 0.019549291053952884 0.017841298093077957
0 0.41056661535654515 0.39733894176613666 0.0202690866864907 0.018367853099416544
1 0.27617680821765767 0.42851660048856766 0.018701785719989268 0.08174143741790384
1 0.2981778735131976 0.4298902345659213 0.01883870309625409 0.08116601848881964
1 0.3597710547833197 0.39833822091886606 0.006541291905151268 0.020527859237536656