0 0.9028710079115136 0.6668455062373992 0.19392580919741415 0.37897838245738635
0 0.6770875420808208 0.45772563677029876 0.1296438621090556 0.12291328974599829
0 0.6017406647651778 0.42649595199092744 0.0729945534482318 0.07668187354899804
0 0.7917259883802636 0.5074595043969178 0.25815804981347096 0.2016899280417583
0 0.5617944525580667 0.4098961346310255 0.05282705062155049 0.05717738236383492
0 0.45308200589770287 0.4083648860629353 0.03357317870694501 0.032671558309277246
0 0.49195823139181316 0.4125150678677526 0.0355839452486202 0.03466101802106244
0 0.5275577972486969 0.4104765503287665 0.02825343833043745 0.0323506613514174
0 0.5705967900797859 0.4183535608494853 0.03340100267336979 0.0574493855674945
1 0.4362224039247751 0.40615835777126097 0.008994276369582993 0.04007820136852395
1 0.4272281275551921 0.4051808406647116 0.008994276369582993 0.042033235581622676