0 0.8538813368765331 0.5597756871496594 0.29223732624693377 0.2660580035645009
0 0.6626564456318991 0.46318999856331716 0.1344431318031991 0.11627313608298204
0 0.5863619014462388 0.4317486148658969 0.07317601201579109 0.07492026648796432
0 0.6026004969050235 0.44612112632594847 0.05023378011932747 0.07949673977998228
0 0.49459908735722863 0.4299753735375428 0.03825876231283217 0.03909161549975562
0 0.44860378212355634 0.42692540561232284 0.03784454171031786 0.03911207987765762
0 0.5405844612776599 0.4297125882533755 0.03661216055869276 0.03957828585120357
0 0.9862434842600164 0.7707801438496609 0.027354330092497957 0.24653519586617179
0 0.47459105946251534 0.4213848095369013 0.0213133967127453 0.026553872743310118
0 0.514813926116619 0.42131807657280973 0.019540831970564186 0.02579382694128788
0 0.5282179800487403 0.4265141491782747 0.024275273645109362 0.03479886917308162
1 0.41753808533862685 0.4260745081151103 0.016142675940949508 0.04718092156761669
1 0.4304987735077678 0.42473118279569894 0.013900245298446443 0.04985337243401759