0 0.2573853178484364 0.5164885460339916 0.41228940812467263 0.19947222787031096
0 0.3400065062578253 0.41291783725294784 0.10721379152985742 0.048831824100378785
0 0.37820390902477896 0.4059599189348118 0.10085864936535414 0.04641696784503299
0 0.16108349279994763 0.38739655048150357 0.05856969526139616 0.03297037999068304
0 0.20725219052830196 0.4071972680115164 0.1116697696614051 0.031455837037206745
0 0.4066990301049545 0.3926162346833379 0.0522980459966527 0.026955911257865957
0 0.4445023992855044 0.3871445940153806 0.030248434545559075 0.02771539026224951
0 0.6465238008163839 0.4209278960614843 0.11496548095104252 0.04572974062385447
0 0.4867991387405458 0.3791182024854136 0.016397047315770647 0.01672339416086266
0 0.28572429366903235 0.3927854983571221 0.0716130778327499 0.02527061305787207
0 0.6096632077083759 0.4111828249337503 0.05593674941230581 0.03558078143137525
0 0.573331344741734 0.38746225426040903 0.04720083690527903 0.029107594420133796
0 0.5989281567802024 0.3972534299013319 0.07232381550873876 0.03653303129582111
0 0.4268298269975215 0.39020888103884105 0.03404484122674775 0.029581109100073315
1 0.6811120196238757 0.39638318670576733 0.014717906786590351 0.03421309872922776