0 0.5361372541426053 0.5468998645174655 0.5201994926346586 0.24723334139975867
0 0.19564556705103678 0.4235410270802786 0.12121732997192483 0.054996136229991444
0 0.05157470703125 0.43986438143404816 0.1031494140625 0.078806350424609
0 0.40571206218379496 0.41783337485871824 0.05190293942917008 0.03527497918957723
0 0.23979659871984874 0.4146326685930627 0.11242695743688676 0.05201132020176564
0 0.2733625535192981 0.4029429445984543 0.05633667191811887 0.0313943842405914
0 0.3217782545362646 0.39456861389697123 0.03072985370726441 0.02910640116194709
0 0.3663799944025322 0.38618091870379706 0.0194689172852361 0.01694360995921921
0 0.2979850363555933 0.3982287693116905 0.04192231896463614 0.03151365039635264
0 0.47532954492826296 0.4047286853063142 0.07472884021425286 0.03895266058391374
0 0.4476926090867424 0.3947416661654982 0.059118188217050796 0.028332155587503054
0 0.48637329001750307 0.4113886768866844 0.06583801918310507 0.027457944808467742
1 0.3761242845461979 0.3924731182795699 0.008176614881439084 0.024437927663734114