0 0.7609113941208223 0.4948893050177939 0.2675399468360333 0.22571534635034823
0 0.5599751008502402 0.4090969201290246 0.055129867641046604 0.04898584390082784
0 0.6331172765324765 0.4564153497869318 0.06976113744378577 0.0931944189882698
0 0.522834759117245 0.3930936721995662 0.03648579832187755 0.033983217539558894
0 0.48975530142483903 0.38319777323703264 0.02067884069335139 0.024123921771902493
0 0.511973470717498 0.38666169734294814 0.03207834139283524 0.033149517875962244
0 0.8967735059711647 0.7128644777299838 0.20613798077537307 0.45033292500038186
0 0.4349078773380008 0.3783984291471927 0.017711174653771464 0.01671062629826491
1 0.42886345053147995 0.38465298142717497 0.005723630417007359 0.026392961876832845
3 0.46116107931316436 0.38220918866080156 0.009811937857726901 0.02737047898338221
2 0.4779231398201145 0.37732160312805474 0.023712183156173343 0.02541544477028348