0 0.7310525515190618 0.5125096415261485 0.18793787609234464 0.15686774976325757
0 0.6330280693846458 0.46756663094051654 0.1066491789049724 0.10522070145443854
0 0.5903466786893781 0.4347144730046814 0.09228071460739473 0.09482789995150599
0 0.5223575320676614 0.4029625736956256 0.040325124246218313 0.03503292676640396
0 0.4944998989900603 0.3908787612691303 0.028084456287050287 0.02701121877481977
0 0.5481698386316307 0.42610011841894246 0.022675084560890228 0.048518414837640515
0 0.4264271721329147 0.3798609758751833 0.017944959763708607 0.016511232855266372
0 0.4852176893956332 0.38579962796596257 0.025368716223553762 0.026516076290246212
0 0.467856581057083 0.38335107708256966 0.01832491983084628 0.02138927232251955
3 0.4542109566639411 0.38563049853372433 0.01062959934587081 0.030303030303030304
1 0.42027800490596895 0.3841642228739003 0.004905968928863451 0.021505376344086023