0 0.8533024511079952 0.7611839615121732 0.2932882987370963 0.45402692420042157
0 0.13842233204003349 0.6291915878638961 0.27684466408006697 0.37409592793484236
0 0.728424870763172 0.5532847056757088 0.26938377748428555 0.24322468001588465
0 0.5444663571024759 0.43266745350111496 0.08628280028298753 0.08469949463129277
0 0.40224809248917237 0.41460429887967376 0.046036852059165474 0.04813657221789467
0 0.4719430669252734 0.4106658756558147 0.04089739745694501 0.04118104041613209
0 0.4512555176180499 0.39873180221602367 0.041504505123160264 0.03930643180481733
0 0.5015704949566895 0.4224745078287283 0.03641468213409648 0.06277424056275965
0 0.45742790365647995 0.4062771167922929 0.0341887704095973 0.03716790431405792
0 0.4258207132459564 0.3914321347532151 0.01761028947931572 0.021804973643313172
0 0.3869146189529781 0.3934699661687439 0.0229559311200046 0.02640340288596652
1 0.31766148814390843 0.4090909090909091 0.01553556827473426 0.07135874877810362
1 0.33156173344235484 0.41055718475073316 0.017170891251022075 0.06647116324535679
1 0.3589533932951758 0.3895405669599218 0.008176614881439084 0.028347996089931573