0 0.3323578604497777 0.4937399289009042 0.21121303155981705 0.17335750397116326
0 0.8915585933507513 0.5255046408197397 0.21652947813394316 0.2572589475271872
0 0.7886618289027366 0.47579434004230814 0.11394065925554477 0.15352042189791057
0 0.5220042468092038 0.44383588774113364 0.06668512526829518 0.08055915720651577
0 0.47283032246524936 0.463430156689119 0.10811327406352207 0.10419554351478495
0 0.7277747440416114 0.42798858374095033 0.056444543946110995 0.06025563050807979
0 0.6451511835330642 0.40990758990961784 0.03965977616516762 0.038770718541895774
0 0.5714122307466272 0.41954007712743613 0.04679305418923753 0.044084535898933894
0 0.7366560579613399 0.45201085483107284 0.03944657732011447 0.09404210960410557
0 0.7117830589961928 0.4094092256279402 0.03377894154359158 0.03663675526370051
0 0.5923258796248978 0.41191972152695044 0.031443436030764514 0.03624512792682368
0 0.6076842313502913 0.40550507874549424 0.026699961352718724 0.030560058116446725