0 0.15660929894310865 0.5499647183385645 0.3132185978862173 0.2590618114900263
0 0.8950321824455105 0.6423444104684063 0.20993563510897895 0.4302339227551472
0 0.3657846271455629 0.4898898216985887 0.15023264725093263 0.13558515472262953
0 0.43657429181252555 0.46015922717917584 0.08335076719644317 0.09741455555428274
0 0.7855143511967881 0.5133187004081897 0.18285638742142785 0.2084487810628971
0 0.49879681391493763 0.4269821301233733 0.05273397575122649 0.04893226660824475
0 0.7004437450493152 0.47193285214003694 0.06168673024836468 0.11614420453590849
0 0.6754423376973886 0.4401892459753788 0.06759910552304783 0.0710080501970308
0 0.5239358872345794 0.4190815975006491 0.030649080689774122 0.03758969125160374
0 0.5370122826888926 0.4113168874910267 0.02969966710637265 0.03230379613613453
0 0.6522331081836417 0.4187094202722156 0.03624659840044971 0.039412691446343476
0 0.6479570540071801 0.41670216609772115 0.03578856024504293 0.039468267446389295
0 0.5422964899245579 0.4047477028586648 0.02843614455041394 0.029333418531967866
0 0.6796275378248288 0.4497709749730801 0.03879395529371934 0.06261237508973301