0 0.127449525348105 0.43339289481572274 0.12572846057857534 0.07402353296065493
0 0.4838686028369021 0.4503148322231259 0.0773168206702269 0.08482774005490896
0 0.27113526937714 0.41902697610715267 0.11318021510725419 0.05260499598110643
0 0.07499013294085848 0.39166301529661535 0.09026039728646579 0.03617702271581745
0 0.9694566204230121 0.507874116869616 0.0607408100917314 0.12594151054076552
0 0.08237820264265758 0.44976441205305323 0.12377257358803676 0.06603905462449597
0 0.5881888139277136 0.4286794503995983 0.11556265730401676 0.0488150289914009
0 0.5382294175279794 0.4020334730400018 0.0765999694973937 0.037885828102089444
0 0.4286063592743893 0.3830405465552068 0.018213878765714432 0.01727357567929802
0 0.31321275887290473 0.41213796844929895 0.10473782530790066 0.04842053783487598
0 0.5105721823816307 0.39028690520852427 0.060688059347531687 0.028565019922638685
0 0.342239704272441 0.3985718310403684 0.05291136697190566 0.02944012564531403
0 0.5483008920415346 0.41648347170355265 0.0634336931629446 0.03564966226020284
0 0.3621380510431572 0.394907066665903 0.037467850492513284 0.030887905803244135
0 0.38539879612521083 0.3914173085202453 0.030530878099767476 0.0286620914761272
0 0.2138896514817719 0.3958416115620036 0.07144306023785645 0.027275943103540444
0 0.34045004669214407 0.4131781912735597 0.04877355268327116 0.045816311505299974
0 0.1587262656585369 0.4012034873925113 0.08709354977674008 0.04671578952643878