0 0.8174721194600241 0.6650185384591887 0.3643253354488195 0.38252826589992667
0 0.10108066230208193 0.7434406746634057 0.20166897829789562 0.49718053972499693
0 0.5522872163736713 0.45182167866129797 0.09555729938547629 0.09445864620562988
0 0.9154689037107778 0.8602351601638869 0.1690621925784444 0.2544991799929741
0 0.3901446787724218 0.40948219336605723 0.0262373318364166 0.028135983941608628
0 0.47307438823110437 0.424733599143527 0.042549888130493665 0.044081761573649805
0 0.4258114431884965 0.40324070726321937 0.020828608889513493 0.02189452767022544
0 0.5055216354906608 0.4388561677606458 0.04299305426908728 0.06723526612521383
0 0.45000913780630364 0.41191110023655153 0.03904099047232727 0.04039468327109299
0 0.45725111130896107 0.4202346279707356 0.03373876713575736 0.03816045647375978
0 0.4103691119789005 0.39659843556692176 0.020209947961914863 0.019061255431711267
0 0.36983538024852436 0.3938409948861727 0.019790387407054886 0.018786328745494258
1 0.2790792594653899 0.4283179080847538 0.01861632152941026 0.07706383549456255
1 0.2998536828104239 0.4277540040971713 0.017214833569156276 0.07686527733229472
1 0.3597710547833197 0.3978494623655914 0.009811937857726901 0.02346041055718475