0 0.22952754596950378 0.41982295389632207 0.1031247105446392 0.06314310649972507
0 0.6358896600157145 0.4159972339081974 0.1072188569986713 0.046217365581851785
0 0.44515102882416446 0.3834701493338756 0.028888193974218112 0.027257089624190493
0 0.48596031706740594 0.3755531497481748 0.016766651867845463 0.01677843319472446
0 0.4084970719094951 0.38869636662428214 0.049612549027749385 0.024825438259866814
0 0.3741045972897396 0.4016179954551182 0.11435560349646105 0.04634021151217314
0 0.6008449002357165 0.4020857675800342 0.056490707085547834 0.029338698699444037
0 0.1388525069978329 0.4331517522519169 0.21701646806369135 0.06692069343574353
0 0.5920339539123186 0.39440700199130924 0.06907986931789145 0.03540498466901882
0 0.34782177604619147 0.40830929514716213 0.10067414652589687 0.04708841422669233
0 0.006806115014904532 0.40438208855025815 0.013611804601628422 0.046169515928564886
0 0.5656108965370759 0.383810063844086 0.047521184139922325 0.026035700375733137
0 0.2890998172837988 0.38591975923390914 0.05269991484023661 0.022321535112338097
0 0.19961003875108596 0.4377393974237078 0.09480676159737837 0.06394199285572459
3 0.687653311529027 0.3998044965786901 0.016353229762878167 0.044965786901270774