0 0.1396024661970219 0.5232356902091734 0.27915500754297073 0.19232834026377688
0 0.24846368448128003 0.42015509731259165 0.11475104693009633 0.053026902244470916
0 0.048411057215680474 0.3924623043772529 0.08923734608772634 0.03573399578254827
0 0.46943478650571085 0.44387299807074015 0.06559442752516864 0.07095307082607832
0 0.10043254331400038 0.42623753701486894 0.12590631031151786 0.057540252178412146
0 0.3665905357479367 0.3926373553532426 0.02762694214565873 0.02881363526583883
0 0.29046114331274275 0.41180205135401393 0.1082287567712592 0.05100582119073802
0 0.32155694595049955 0.4000780361022651 0.05317821487089892 0.03027871766747617
0 0.5701896810960497 0.42990210748487906 0.11396466408805192 0.0492819210884042
0 0.5203829224930371 0.4032484783571603 0.07785944965952064 0.0379679242653348
0 0.49213889146182543 0.3918356797562317 0.06131153621346075 0.028966939111375857
0 0.4099569624793988 0.38417248618684324 0.017938571783332483 0.01707134824810606
0 0.5317798779815899 0.41794830053782533 0.06288432685059792 0.03661503796470247
0 0.34286621293374386 0.3959706475191685 0.03670912810455846 0.03091660366263441
0 0.18861810866673268 0.3967077081853693 0.06755621123294409 0.028331260643863026