0 0.20811517922876316 0.42848654529798996 0.1168211518207341 0.06802239888807429
0 0.3395644879594555 0.4150780372955233 0.10715475261747497 0.050626454581729596
0 0.1633514691256931 0.38882337404252965 0.06446072320322083 0.032686653025339074
0 0.3790777647777941 0.40794057836747005 0.09831214087572823 0.04691921021581745
0 0.6463371021086723 0.42446210307459675 0.11438128018320727 0.047882527549945014
0 0.4449973429994123 0.38924471350825546 0.029342089923599754 0.02840011164123595
0 0.40659614868663124 0.39531917329640914 0.052350696928659034 0.028237410887478616
0 0.5986727872834474 0.3990205856129338 0.0756913791010834 0.036171354739430596
0 0.11922980212619436 0.4408919109743478 0.21422926636865075 0.06527280387990286
0 0.6079137245359132 0.41389084980984236 0.05914306640625 0.03552639868951613
0 0.5721372415662689 0.3894973411821084 0.04955959865916292 0.028784847912084556
0 0.28108755565527904 0.39337459500817146 0.06577868083414248 0.023362742374602882
0 0.48703818894368356 0.38120075125148917 0.01645443932696239 0.016150719725607894
0 0.4245858617425452 0.392078134904043 0.04222941613060865 0.029658223410389175
0 0.42194988409808104 0.3926172936999786 0.038243491047245504 0.0294341593543805