0 0.17153047326151113 0.7247610381155303 0.34306094652302227 0.5097632384836266
0 0.575586900687666 0.45277943242913 0.09881132660785466 0.09729564737597751
0 0.423248652834826 0.43223322684697274 0.055392398662676305 0.05805314437851295
0 0.4936064301410466 0.4243477591088557 0.04429056287689084 0.04386834734695748
0 0.5278813634265765 0.43953851753898615 0.04627058726300593 0.06976709151431146
0 0.46962924561145747 0.4124908447265625 0.03934277263900245 0.04117942951758003
0 0.961618169252734 0.8971761067708334 0.07653089945957686 0.1853407993111559
0 0.4786887492494123 0.4200161722282044 0.03542304799289656 0.03908791639937683
0 0.4464433971040091 0.40441699135221926 0.020575135824432746 0.022460788342726662
0 0.47255286952070985 0.4202687700706027 0.024253414774759813 0.039165090372602025
1 0.27701184950397334 0.45398225159705674 0.031828461566716065 0.13117424600401698
1 0.2515124042601441 0.4538648349914849 0.03487687567073794 0.1280506540486773
3 0.19174161896974654 0.43206256109481916 0.056418642681929684 0.13294232649071358