0 0.29107435199927817 0.49734340455175496 0.33057641242238606 0.17650505058460106
0 0.3508885555937947 0.41626361388265215 0.08052815322688829 0.049035572935758796
0 0.15814108548355416 0.38947489301247096 0.05884573835870426 0.03182345005307612
0 0.37572358849588616 0.4093085593841642 0.10287602846484055 0.04658873736100928
0 0.6434346383844158 0.42597685484825576 0.11109900611010323 0.04815274086632453
0 0.4439859959500204 0.39038078479636334 0.028563954064033115 0.027755573231686828
0 0.4041014177723196 0.3975239862794401 0.050468688116440105 0.0289082606400446
0 0.5961972452633125 0.4009885368459036 0.07633077601185609 0.03658994971132698
0 0.48570826632608083 0.38222189686048996 0.016755822244864063 0.01714085553748167
0 0.6066378751740724 0.41501624143717925 0.06068396704760323 0.03415868615591398
0 0.09196166181213429 0.4303779042711006 0.1489490936354156 0.04368664395657686
0 0.5675220505097608 0.3902255717377276 0.058422172839585035 0.027588815400094696
0 0.19160702222697773 0.41381929906582204 0.09214981091578087 0.03545053730029631
0 0.24323283310123672 0.3942126649798769 0.1021771933929119 0.034187115532212244
0 0.4251919338572542 0.39399168847942634 0.032957936346969544 0.029083460773307673
0 0.28330408503360077 0.39474414217623566 0.05782948803531276 0.02967624160900843