0 0.7530292002567968 0.5184843747613483 0.20600278515944398 0.17630491135523582
0 0.8922590004647256 0.6634475991406632 0.21535603608250714 0.3781818527863056
0 0.6000334021505136 0.43936894063492793 0.07852369980644419 0.07109127995555352
0 0.5561578084675873 0.4210059202311675 0.04453714890062858 0.04711490455843719
0 0.46960643852527084 0.3969334875500214 0.022183060353638595 0.02363743040918255
0 0.5108517563352796 0.3970835695984543 0.024246028672449918 0.025724200326093596
0 0.5385229651887009 0.40943920623988117 0.03763169220794154 0.04044611269894
0 0.4571331832024862 0.3894514454891022 0.01391566628232318 0.014427058274911413
0 0.4397089436516251 0.3887540308261547 0.013993170450480376 0.012515786805810118
0 0.5196459092571417 0.40507314911336145 0.01652914875370503 0.027095611960074536
0 0.4986769893767886 0.39240717584902707 0.018886862479558463 0.021139433889678032