0 0.6706105791343009 0.5019490530064379 0.14041150171836672 0.11785503846109788
0 0.6129813892180473 0.4751078287760417 0.0772570830724908 0.08370378033739614
0 0.5934122604906608 0.4590867267209647 0.06021365199241108 0.06383710546111315
0 0.47401035212144826 0.4261628987152905 0.022256721752350776 0.02374735931963282
0 0.5681365692313344 0.4482984794549578 0.05212786620694501 0.05455898609329179
0 0.5403868580878219 0.4393425696290017 0.02660284408856296 0.039161838744043255
0 0.4559641578406071 0.41397850953938325 0.014450709544920278 0.01362590472835716
0 0.5119103894112838 0.4252542773532961 0.019957647690106297 0.024879075215359238
0 0.5242211255302024 0.4304992884601433 0.025182117328035568 0.028701946299563172
0 0.5246071242350393 0.4309314269124588 0.025911794367717702 0.028040045983397485
0 0.5081284305450864 0.4227632613941838 0.02131045225304068 0.02328136216626955