0 0.2779606392611662 0.5134187551071451 0.1918122860026574 0.18376826400980573
0 0.8034634781195702 0.580527714853296 0.38007949242704925 0.256205479537054
0 0.6302797406400118 0.4905980800953079 0.1360841939806061 0.1359218921829179
0 0.42152523312135887 0.4317704813221683 0.05468156117449407 0.05833552892839687
0 0.5395831204006541 0.43453493239476415 0.0703769786769215 0.0675302395489675
0 0.4787659789340377 0.41964344311785956 0.03598653773060609 0.036355862286549974
0 0.4037843768165819 0.4086709120406433 0.025005524604903413 0.024912963747861682
0 0.5052493727801768 0.4282877932312668 0.03153556268525143 0.05129008512226601
0 0.4598300587614345 0.4103115525529998 0.03563959054642784 0.03700818670576735
1 0.36917416189697466 0.4149560117302053 0.01062959934587081 0.05180840664711633
1 0.3589533932951758 0.41593352883675466 0.009811937857726901 0.04985337243401759