0 0.11847280512334671 0.5064635961985658 0.23655545015804902 0.1797516674589901
0 0.20819770519789962 0.4284510458669355 0.11646451037727412 0.0677530805153348
0 0.33968492384728893 0.4150444470775675 0.1070630501648099 0.050540659318105446
0 0.16279336924642593 0.3886242341668958 0.0624633065424098 0.032293384958455525
0 0.6466428767630826 0.42443601546748994 0.11512907313598733 0.047598024966779694
0 0.3790893055626533 0.40795094479796706 0.0978047705437449 0.046914049374159945
0 0.4450406614913379 0.3892294398034656 0.029740240762980374 0.02841514669438844
0 0.4065109090734873 0.39541214302488087 0.051965920923190925 0.028176405562683284
0 0.5981407383866517 0.3990412886424731 0.07459783671044562 0.0364430596285435
0 0.6078239434679706 0.4137906161221591 0.05890511413723937 0.03547848937331989
0 0.5719336745978766 0.3896021390823558 0.04966500033536897 0.028636943559842375
0 0.4870119632898738 0.3812613389359192 0.016814811251149836 0.016276429475577347
0 0.28108635790895853 0.3926262282206516 0.06456666136996628 0.022005679670317083
0 0.4240998761729929 0.39210912978544266 0.04039676444801461 0.029542716017916054