0 0.8765623103568326 0.6712599052362078 0.24641983643576246 0.4654900782968292
0 0.752030329731577 0.5030834089859024 0.2176336006170789 0.18233181980464933
0 0.42288683363383456 0.43297622397265245 0.05544629724709986 0.05454260862467925
0 0.4847105685941333 0.4340851038898308 0.04895348911488144 0.050226265617363146
0 0.5604372063525271 0.4391608811543484 0.065618881512546 0.05718185708203507
0 0.6510042204587847 0.4616772454971209 0.15113582283575225 0.1444046751378452
0 0.5393762845829287 0.4305602042905746 0.04263961929233953 0.04464996129070442
0 0.5154724370624233 0.4207771577210487 0.027431983978945217 0.03294964712968903
0 0.45179105994161384 0.42047248907452806 0.02450808558616108 0.028457626685835166
1 0.38213317821187653 0.43771677026534245 0.021031776609132257 0.0724833051247098
1 0.35767302743158474 0.4366780539295424 0.020727598949816028 0.08353803677526271