0 0.7998281932715403 0.532694110889006 0.2557309167071239 0.19113734926762585
0 0.696194540352872 0.4892789779170867 0.11866811407655356 0.11968430326131782
0 0.6477117405889079 0.4586579443072993 0.10181477531876022 0.09889476250343658
0 0.49432996873083607 0.42419948186343015 0.034812197369429684 0.033560297006735705
0 0.9297001761485588 0.7190887958306604 0.140547944986713 0.39211925756430227
0 0.576033784830463 0.4296675278411 0.05067934175056214 0.05398320918675159
0 0.6104231028896029 0.4422019145588954 0.06260555139449611 0.07286040454316349
0 0.46396999405917827 0.4198910591073283 0.029156339431725267 0.027096506903714564
0 0.5524986185992437 0.41988909023132026 0.03860196653975879 0.044084506067479226
0 0.5269764161753245 0.4216681188618799 0.02236726375651574 0.02691220817677786
1 0.4476696647587899 0.4173998044965787 0.007358953393295176 0.03128054740957967
1 0.43785772690106295 0.416911045943304 0.008994276369582993 0.03421309872922776