0 0.3492338316224193 0.4043848628755422 0.10016163586595463 0.04744236443632392
0 0.23680805945532885 0.41607761476279936 0.09739426794543388 0.06110090477608749
0 0.6325823330820728 0.41081876186098637 0.10542263676665985 0.04448266649292827
0 0.44161488243720615 0.380279004049441 0.0349268316735231 0.027229495528622923
0 0.3862317164024172 0.3977075839671921 0.08874461812653311 0.04345631529508798
0 0.408778392576528 0.38606269664894916 0.0489077751303148 0.02575546369058529
0 0.14925222794539794 0.43037645744554925 0.20921571783033044 0.06886877691990469
0 0.2878928632884365 0.38677698099951124 0.06112037091009556 0.024330415101111925
0 0.5895940697982676 0.3887963616603281 0.06903220899555397 0.03600167342528104
0 0.011086015553135221 0.3983709161931818 0.022172031106270442 0.0466369449917522
0 0.4852422182421556 0.37165516306111773 0.016425094542109567 0.01678278858710594
0 0.5986453389302688 0.398174013676648 0.055889338620451756 0.02783814669820687
0 0.5632479925771668 0.37861772017045453 0.05547811238373876 0.02725437496181574
1 0.9745357136012878 0.43261483081508123 0.034288482790780866 0.10793742219956623
3 0.6917416189697465 0.3978494623655914 0.017988552739165987 0.05278592375366569