0 0.8692098946622036 0.6182554660771017 0.2612025213358545 0.4796073369150171
0 0.746816889341016 0.4962258138498137 0.17774385715837082 0.16951431766633066
0 0.5863552888884276 0.40502415094906985 0.06536755440962286 0.05804684994157808
0 0.5410246330504522 0.38607984973538306 0.041930553470589736 0.037697233645680596
0 0.5286340721298805 0.379180594972851 0.03459909833656991 0.03683889320052847
0 0.5049876153030458 0.37498839556413427 0.02337062583043745 0.02593421376695381
0 0.4443353136737914 0.3682830750883966 0.016065820552049265 0.018522499360413613
0 0.4714787905077806 0.3699089788621472 0.016514975422245504 0.02516435341634592
1 0.43908421913327883 0.37194525904203324 0.006541291905151268 0.024437927663734114
3 0.46729354047424365 0.37194525904203324 0.007358953393295176 0.028347996089931573
2 0.4922322158626329 0.3670576735092864 0.024529844644317254 0.026392961876832845