0 0.20710133687453688 0.4276128267379567 0.11707452507362147 0.06676151279363697
0 0.4221475122409674 0.5140332532418438 0.4024827384792774 0.20096484470460654
0 0.6454459039870579 0.4228701624119853 0.11461628799251329 0.04757726227433101
0 0.48699976124923344 0.3793906382451659 0.016902396450838103 0.016588943794675588
0 0.16248828703910723 0.38825611401629706 0.06226945878634761 0.03313427400262708
0 0.4455417935612352 0.38763181624873994 0.028848269096867333 0.027237400864109848
0 0.3413784498088397 0.40659579130678 0.10722846392228383 0.03701555507507026
0 0.12342112627754617 0.43927604548509286 0.20104145945239438 0.06352924484894305
0 0.5996536916138594 0.39815311674265336 0.07334170025679682 0.03832035307077835
0 0.5723861232704544 0.3881127440451643 0.04935348647983953 0.02904306898368768
0 0.6097381167595053 0.4104332499723164 0.058281737083503676 0.03490539729769978
0 0.2354434832918381 0.3949428793272315 0.09200479627532834 0.03562123288390457
0 0.2831835243805256 0.3918333230713129 0.06858871846733187 0.023213823752902003
0 0.4048240954819412 0.39737239774254646 0.049358901291330234 0.03290135000458211
0 0.4039864590785977 0.39845468291788855 0.050257235984771054 0.03234791685758798
0 0.42168750279474143 0.3909464488397712 0.04065939528183769 0.029620516451689272