0 0.7977777513829978 0.524922673886356 0.40368752155943377 0.21007373023009837
0 0.49021014559005777 0.4557667095523659 0.09166457393767886 0.09422345501703018
0 0.14265300597895 0.43251028648219847 0.12571990168299327 0.07306281096308345
0 0.2845305523127683 0.4184825669751955 0.111264045571852 0.05242359090527248
0 0.08969475066964 0.3913087369409824 0.0855387845979006 0.035322828842864126
0 0.5988628546526855 0.4281073427619822 0.11300701599869685 0.0485076456825055
0 0.5481590090086493 0.4010449481266801 0.07431801322631337 0.036590248025873656
0 0.4403105117411079 0.38303395380372524 0.01761565438470973 0.01685050598920149
0 0.39723644740057107 0.3911927074980526 0.02947491499993612 0.028269986835975685
0 0.5610774267138952 0.4163089278622923 0.06348454747547015 0.036250587083027856
0 0.35450971701646183 0.39825381281788397 0.05224442189576094 0.02928879067578507
0 0.375302418469408 0.39460681307467316 0.03499772328386907 0.03046793858443304
0 0.3266444358295431 0.41169118275274164 0.1023815089527545 0.047761083697993034
0 0.5226100319638568 0.39101592629769216 0.05852852273162817 0.027627476965343963
0 0.2228249014154966 0.3945066539656265 0.059176865310232266 0.025708240497846407
0 0.22274649269933694 0.39422734205557336 0.0594350420249259 0.024572020052465175
0 0.17409675704194988 0.40095291808903044 0.08418981344701809 0.044951706454667645
0 0.0807722439457916 0.44943173167059963 0.1615444878915832 0.06855855962281586
0 0.10371112433594948 0.4481757081032732 0.1148836255950803 0.06296683243409397
0 0.35265054024347786 0.41271387959738515 0.04910083686535415 0.04524053459875978