0 0.8319021179748186 0.507274086990431 0.19470020209972916 0.16482311259966093
0 0.7294779393093954 0.47066288236765336 0.10489947115507461 0.10199082002611803
0 0.6481685310918975 0.44053815466917157 0.06122574763325327 0.055028234875213834
0 0.6085675692616772 0.42198213966943887 0.044307530949764924 0.04864648127252871
0 0.622109962893819 0.4326743296514159 0.044042180233672325 0.047422735339152616
0 0.9629630886523917 0.6351093728521353 0.07396143416547424 0.31757140695640884
0 0.5767708230194066 0.41018921375740774 0.02728371296568377 0.02431591701414345
0 0.5576719594411156 0.4022364015103785 0.02215576171875 0.022023638206027003
0 0.5249636533897818 0.4010133267847324 0.02025234319105172 0.021180392476936705
0 0.5252162281451221 0.4008890638603143 0.020787635984132257 0.02090710652072642
3 0.5388389206868357 0.41348973607038125 0.011447260834014717 0.04105571847507331