0 0.17037692502786755 0.5069822160379628 0.18373077966498236 0.15557237850722447
0 0.26322419235965605 0.45757595744650387 0.08232315075953087 0.08876400049830462
0 0.45574654230599704 0.422189647268107 0.05763959533741312 0.05892443167499083
0 0.05910133243289427 0.6320927863246885 0.11820266486578854 0.2968531633751833
0 0.3739683411692559 0.4069537538470644 0.02599962909788941 0.025526537107465788
0 0.2928584575263185 0.44412176257121366 0.06241191573934485 0.0696018252554527
0 0.3007764590147179 0.4220405198262234 0.06360482116848937 0.060545950224905304
0 0.4148581653760285 0.41202331125328384 0.035590308275947974 0.034957751500641496
0 0.3956438440430486 0.40924926936801226 0.02729561556974397 0.03319748685506781
0 0.3611146891009876 0.40578656835173815 0.018844866499195114 0.024474918667521994
0 0.3265818910138683 0.42245577367519704 0.02139117536443428 0.05679082637425159