0 0.8603216437950353 0.5749777815325635 0.27931758603012574 0.3042402668316227
0 0.7269158601176027 0.48284155881999175 0.17942504383751534 0.15464396397505803
0 0.6210516043013465 0.43849440170989123 0.09081277667940003 0.08813613787191471
0 0.5702480462761268 0.4172984222978907 0.0602953981787868 0.06376518182390946
0 0.4506047421172322 0.4151296009649163 0.034877274919511446 0.03542986410221163
0 0.49240798513516965 0.4200544758159977 0.035986188387929274 0.03438570352593475
0 0.5811957221292416 0.42832283027477397 0.03889232021029231 0.06588294662222019
0 0.5317017499872241 0.4172609390751008 0.03066030956152903 0.03471844357129766
0 0.4742825399727872 0.4133550470525568 0.018983979743714227 0.024755155352669842
0 0.5106092127053735 0.41168002578869595 0.0210623191403056 0.02484044348156464
1 0.4349959116925593 0.4144672531769306 0.011447260834014717 0.043010752688172046
1 0.42354865085854454 0.4144672531769306 0.011447260834014717 0.043010752688172046