0 0.9208292676499897 0.49766327232442875 0.1582312720385323 0.1787691088366019
0 0.20797994618326157 0.4284368908416957 0.11705054519416266 0.06787022863781464
0 0.339746907219376 0.4149666913909763 0.10694621999246218 0.05039737884133676
0 0.3791175898429515 0.40769102333344787 0.09821472417499233 0.04694889251321176
0 0.16313119609143437 0.3887800140231702 0.06374699116143065 0.03262051669034091
0 0.6454529656997394 0.42429834330419874 0.11246358851185609 0.04796387792682368
0 0.44480894748441335 0.38925842106167524 0.029514765018141865 0.028462071572580645
0 0.4068012502674967 0.39520936371177756 0.052224160020505415 0.028134134391419232
0 0.5984607362786182 0.3993494774006445 0.07507184481679273 0.03726109777843964
0 0.6085109258419358 0.41397847970792856 0.05808001664068888 0.035696288823848364
0 0.12287919675338882 0.4401757472421417 0.20508914177084397 0.06382532203651943
0 0.5717630456532987 0.38920587295427816 0.052436784945446645 0.02858089025652187
0 0.42739428990411643 0.39205171915093473 0.04287098395658728 0.029801563550067203
0 0.4868542600243382 0.3810192865127459 0.016499504532272075 0.016154896129261364
0 0.28145031059558334 0.392415349667606 0.06506290264238808 0.022096068977960043