0 0.20797249146006874 0.4285859884521246 0.11716726307779282 0.06798895782739187
0 0.06292842512528427 0.5337795134513609 0.12585685025056853 0.15743183273956807
0 0.3397253477856066 0.41503199244524375 0.1072630238942406 0.05049773185483871
0 0.646456901693773 0.4245514035341444 0.11405763914618254 0.047677853939470306
0 0.3784162220366159 0.40772650784877507 0.09966576888925797 0.047073975802633186
0 0.16278100501097137 0.3887045553585884 0.06277651720522665 0.032397526566700266
0 0.4448942120506056 0.38934442514548206 0.029965566789528823 0.028489576173784212
0 0.40677456298229253 0.3952286944944022 0.051973806086467705 0.02790294061774499
0 0.5981341258288404 0.39895382281738756 0.07576479096931214 0.03637343301334922
0 0.6079928756052612 0.4138116920448818 0.05969203346982318 0.035344635636226175
0 0.5709971617404691 0.38948949550953077 0.05095492321647588 0.028414878211296433
0 0.2796407529592319 0.3926363410837839 0.06413592184944808 0.0222116360333425
0 0.42672168048599757 0.3920803424316884 0.04558542646156991 0.02953883792880926
0 0.11648218727267773 0.4406292897631812 0.21938653198890967 0.0686637155005193