0 0.6783199232324458 0.4536726160133339 0.1490820871448283 0.14612132619669477
0 0.960665162430371 0.7610760909720949 0.07792048481577064 0.23253780003283847
0 0.47256507156135014 0.3933534594225394 0.03078158137648201 0.031097949075559017
0 0.6032224516350035 0.42890666167407443 0.06130599663672833 0.086873312732924
0 0.5323451892918285 0.39377769253936795 0.03076012175490597 0.04091935889578751
0 0.5730158134454211 0.40628703575096986 0.059912069450122646 0.06234007357152676
0 0.44397466726607215 0.38936506851211206 0.028052416572976288 0.023164661515609725
0 0.5178844985275706 0.38805003832745294 0.027934338748211364 0.034618090557795696
0 0.49887813589949154 0.3904200728221606 0.017944585467983443 0.02273016637837549
0 0.5499254103478894 0.39955516528057794 0.029550996844337693 0.04950040666239003
0 0.5726833889353792 0.40630806692651056 0.06018295974294767 0.06274226124335594
0 0.5489976310574024 0.39901623022055227 0.028006153621346074 0.047808664868187925
0 0.5813176676765 0.41521676847545513 0.042668864264998975 0.06089214425632331