0 0.13347383972961008 0.7371988604145665 0.26611431109934486 0.5057278481163704
0 0.5684063865430805 0.4526031583634989 0.09817447490801308 0.09724666412741324
0 0.41422682829987095 0.44338113704618004 0.07290325024434025 0.07630936817456317
0 0.48657792996697413 0.42405248737055534 0.04338322013299775 0.04441139914772727
0 0.949642153324305 0.8906256861234574 0.10071569335139002 0.19912752541162634
0 0.46404051137379904 0.41176426981667735 0.04131655876303148 0.04131355173776576
0 0.5213596347113272 0.43919060819892475 0.04685009685775245 0.06890081590221774
0 0.46986056036960855 0.41996727847400417 0.03242169533805192 0.038911970479747066
0 0.43945172762929274 0.4021654921426335 0.021604349256439084 0.020754071158281404
1 0.2772547175235078 0.4484877302033694 0.027630859774248773 0.12038417901927541
1 0.25787981084790856 0.4480872130930016 0.04016275476064238 0.1199567539367974
3 0.13082583810302534 0.4398826979472141 0.07195421095666395 0.16226783968719452