0 0.5391382075486764 0.48476350994986406 0.17166399702320115 0.1465179353865011
0 0.6554906787388849 0.4642940905320213 0.09541925912203597 0.09436270824741874
0 0.6986009125229967 0.4484720388582142 0.06277378484643295 0.07559505399254643
0 0.7463844530132103 0.4280773024871319 0.045954831389257975 0.04252369452781342
0 0.9512432906243612 0.477213377593666 0.09665483426384915 0.14065599488139968
0 0.910916070322082 0.4589779761529738 0.03817127692533728 0.0901263433700666
0 0.8262507266327678 0.4138807071152554 0.03539460151778414 0.03432263983076735
0 0.9036178027423599 0.4366234176203186 0.05244362208069297 0.05949767290788428
0 0.9718691809491261 0.5183722532389801 0.05355373329543132 0.21442619912901698
0 0.7664055063991594 0.4208535411607252 0.03244849491197363 0.03529812839839932
0 0.8386160600214636 0.38352981224321087 0.046200269572771874 0.020065083881277493
0 0.8906568400896873 0.41945031428034124 0.0370041729481807 0.03720981750786596
0 0.7815873901666625 0.41431879694277707 0.027202665464661692 0.03054696210784763
0 0.7871016894611099 0.4094716330311049 0.02865458353561938 0.028390267261195624