0 0.5473966060460638 0.5558004071635585 0.29870318508694044 0.23424681423929314
0 0.5543605152544971 0.4255613772633721 0.11079193389717906 0.0437742887703904
0 0.9496834256662664 0.8908408902374297 0.1006331486674673 0.19933121458409703
0 0.48682506495777544 0.4239518807896887 0.044829598627223015 0.04451392985741997
0 0.4390302207366619 0.40337547085968045 0.021727018442099347 0.022321445617974094
0 0.4634421372745043 0.4118950956611223 0.03988056073691742 0.04174118564042644
0 0.4236874022838627 0.39661184480579487 0.020153953321430395 0.01854293390686095
0 0.09674516429885527 0.7541362803469422 0.19349032859771054 0.4720019268733199
0 0.3912090635260693 0.3950364904319786 0.01774907833420636 0.019189232372235458
0 0.4698595123415781 0.42000471694961206 0.03114459832379395 0.0395049601356305
1 0.27329436931469747 0.43530143670672194 0.02524704515982727 0.09547321397887647
1 0.2967911078514667 0.43880015920450727 0.02474568851249489 0.09898145271070076
1 0.36999182338511855 0.3993157380254154 0.007358953393295176 0.022482893450635387