0 0.047868789460750655 0.5452468588671493 0.09573757892150131 0.16169805890304254
0 0.05795006545371729 0.3923998671426335 0.09064720462602567 0.03620133535137158
0 0.109990462258714 0.4344784167038963 0.1254706737552621 0.07536120521940677
0 0.4744383967127453 0.4458285245028409 0.06867308472378372 0.07448699444037146
0 0.2562213002514469 0.4199798822636012 0.11432462428694169 0.05253125262516801
0 0.29763685399552203 0.41238312334375765 0.10795195260597659 0.04979075621067021
0 0.5248033550072184 0.40359777485986376 0.07384999385156889 0.03924309962655792
0 0.3726812629356603 0.39210874197653195 0.028813284923088715 0.029194523279035312
0 0.06313336531548644 0.4500176811031815 0.12540133074474258 0.06385867360283785
0 0.49778474322714383 0.39172845059242883 0.06047875317802024 0.029868773817433407
0 0.3280487559607842 0.40010008154726445 0.05305429803282144 0.029149000479212487
0 0.5377598760172859 0.4178446064014006 0.06169526419089841 0.03725295379131537
0 0.41557627667780306 0.38365231511180353 0.018032619822541906 0.01725051596483993
0 0.34723368260281456 0.3957085931056406 0.040568391514526264 0.03151606674418072
0 0.5753885489063778 0.42953125775617823 0.11422866733953393 0.04905678310002749
0 0.19149644279324024 0.3964147036376237 0.056392267309829824 0.02763535246937622
0 0.14576552758329928 0.40037226373965207 0.09549900906454416 0.04115443075856855