0 0.8254625846008151 0.5325871800397498 0.3195318189295023 0.2583622042151607
0 0.6316462444264871 0.44812075856377537 0.10406608924647383 0.08109785361490408
0 0.9552647738016149 0.723378081708593 0.08908737319858953 0.2516430568601845
0 0.5660488225355171 0.4106092704705828 0.06002884971637367 0.06315486009286413
0 0.4679907785510783 0.3931015477035985 0.0257477530279027 0.025801702445320138
0 0.5319858154895748 0.3972622301804588 0.036038689601645545 0.03940776925632331
0 0.5107607026618715 0.3905801484079072 0.02289721659725061 0.029476848166009897
0 0.4424756128867922 0.3899963319243341 0.022406589760706256 0.017628241843841642
0 0.5383288055195344 0.40498890508538 0.023566207823359567 0.04421934424257698
0 0.5016689846385042 0.38790396860967286 0.02391565031237224 0.026016399424563172
0 0.4855114117276932 0.3884419788946038 0.015026326464125103 0.019055826106961753