0 0.2167407836664532 0.5517636892965695 0.27149335185914186 0.2442417536313233
0 0.78067777669537 0.513329081754414 0.18422436343775553 0.15767624184766008
0 0.8880671628264258 0.6511784588020452 0.22355905128909445 0.3869518231553183
0 0.6940177362275143 0.4699930916317281 0.11862948675771667 0.11283697014563478
0 0.4178076531198896 0.4374103415629964 0.07943094273814391 0.07321107329278165
0 0.6437509432252274 0.43556996454591274 0.06510385059472097 0.06520744316272604
0 0.09140179997716687 0.733082134586159 0.18219649087476222 0.3775511263402676
0 0.6161236018307952 0.4214703064859787 0.046984893224908016 0.04936013916254277
0 0.45267120386281173 0.42200242505861285 0.048721325953086675 0.05147157969246395
0 0.4743698257358953 0.4112679340739171 0.0354467034827269 0.04034552103380071
0 0.48240153826559945 0.40202355408132484 0.03048299319999489 0.03331365053954362