0 0.883882137370324 0.6322398553961999 0.23176421245783932 0.4101054172012463
0 0.7674698038171377 0.4902288114337045 0.2250807380832226 0.1802450200562836
0 0.6335878910242487 0.43531128108676226 0.10542852568606909 0.09581973615629583
0 0.49305227284341785 0.41296464280532136 0.03642655978510834 0.03610053486604961
0 0.45021642277889923 0.40868030894886365 0.0351588451170278 0.036941901213495845
0 0.5875822801816103 0.4225753530612323 0.04171076702077371 0.06933754839855205
0 0.5751749258595028 0.4112884282832738 0.06395022126367028 0.06593058745532442
0 0.5337749989619532 0.41128177586888287 0.03306019393908422 0.03597175247624939
0 0.4759014438432645 0.4055271987691303 0.022650381043029435 0.024941393124159945
0 0.5124106730775373 0.40363859920557643 0.019797798462413124 0.02170330804580584
1 0.4217920061612071 0.4046506909680856 0.014475263344491006 0.04895863761417094
1 0.43417825020441536 0.40615835777126097 0.011447260834014717 0.04398826979472141