0 0.18764477446736222 0.5081535033583059 0.27007588147142336 0.2065548416689577
0 0.8552592691591502 0.550017728833509 0.2894814616816997 0.3137222841920974
0 0.715313840477757 0.48148470493588863 0.1347630797890689 0.17133561746815432
0 0.42388348333775167 0.4436240098343567 0.07413628017522231 0.08796580026576246
0 0.3651295472439059 0.466999997374832 0.1269552709621576 0.11711954394626711
0 0.5472961076438573 0.4160802399308101 0.05347568016021055 0.05441633207707111
0 0.479731686858008 0.41566816313175864 0.05010701863373876 0.04715687741515457
0 0.6405816066489294 0.4254596669186828 0.057108494656454414 0.06216809523536779
0 0.6533939738987122 0.4534959839702468 0.04282951199023917 0.10186081454667645
0 0.5033924417815439 0.4083722096850562 0.03031780401995605 0.03525690132804863
0 0.6230566066888542 0.4058602222133126 0.03498617002248569 0.03641185592696115
0 0.5158674188646643 0.3978920169356748 0.025911993992104455 0.024876539541712487