0 0.7791028900021719 0.48516683121697063 0.15872644032987532 0.14126425824207295
0 0.928900930010093 0.5859316381191578 0.14219813997981398 0.29227692873480265
0 0.7004210128222736 0.4582217786086037 0.08822584425145646 0.09177488921790995
0 0.6330752555990647 0.43305181687878025 0.05557742551614881 0.0528859486211663
0 0.5980834711407017 0.4163487826857282 0.04532027536986406 0.04631595853952835
0 0.5684384013041062 0.40612151592474643 0.026035761111891865 0.023600260416666668
0 0.5498542941601083 0.3986116112851677 0.02225632250357727 0.021120401421600075
0 0.6066166900360282 0.4269222733095827 0.03454729580820728 0.04489323680351906
0 0.5233455979229482 0.40175550354540873 0.020996243468290064 0.02284409270375122
0 0.605033893226505 0.42664428889926226 0.03205753055051615 0.04487757528981855
3 0.5294358135731807 0.41348973607038125 0.013900245298446443 0.043010752688172046