0 0.9311220008432134 0.5168955067385677 0.13767335381745707 0.1734430904146047
0 0.19278532388457878 0.4319058862949047 0.08725797788880442 0.04566945125397116
0 0.03882301999339781 0.44008969841115286 0.07753366138709927 0.06159825478830645
0 0.06336824131713767 0.4297834827053931 0.12673648263427534 0.058142787899789224
0 0.38070294433992996 0.4489669277754231 0.12456706461122752 0.054363440907945385
0 0.10075745851605619 0.417438913533648 0.06116153096333938 0.03360734121074658
0 0.3037416297494634 0.4077375902341841 0.06073137783945728 0.030284504969681696
0 0.34068403142646797 0.4340023365188554 0.06931714785459679 0.039838445967360095
0 0.3330773067396387 0.4205672785217345 0.08167362291113042 0.04153570658067571
0 0.21643390172052265 0.3986619518649194 0.02108853231759122 0.018293363957111435
0 0.12135555426409668 0.4156999336309797 0.04380628035288801 0.03428830382644489
0 0.13626124209687052 0.411173472772712 0.06677489385971357 0.0319854646833761
0 0.16568007512065297 0.4048899541502474 0.03728740252341195 0.02585700996227395
1 0.2367130008176615 0.4046920821114369 0.008994276369582993 0.02541544477028348
1 0.19950940310711365 0.3998044965786901 0.008176614881439084 0.021505376344086023