0 0.7590765715230223 0.522500613334708 0.23401757253551717 0.18976026965725806
0 0.6460614707366619 0.4499788107177496 0.1434992917326758 0.13994600626030976
0 0.9026733298625307 0.7113137044748137 0.19424830239421503 0.4171918792575452
0 0.5360095194881311 0.39768070582653653 0.047040538522715655 0.041682715989277856
0 0.5040229055010093 0.38394951097892993 0.031838742222633894 0.03069134634843903
0 0.578169865580923 0.4306477596100241 0.03718183865239166 0.06572492940684567
0 0.4751701947615367 0.37451043599744926 0.020058208474933566 0.02186084795790567
0 0.49438551421645033 0.3779766869568289 0.02910393803020237 0.029910179876512098
0 0.42451636750290656 0.36957270378940615 0.016477620708874183 0.01636070333501344
3 0.4509403107113655 0.37390029325513197 0.01062959934587081 0.030303030303030304
1 0.41986917416189695 0.37390029325513197 0.007358953393295176 0.024437927663734114
2 0.46484055600981194 0.3670576735092864 0.023712183156173343 0.022482893450635387