0 0.8174920569456511 0.6626117366966031 0.36428665822388595 0.3821106255345797
0 0.5523152386469619 0.4499432068766037 0.0956952897428199 0.09384289514983504
0 0.10106064173303855 0.7426793908560148 0.20155675593498584 0.4976111567731244
0 0.9156157024941869 0.860431630124328 0.16876859501162614 0.25452483504398826
0 0.47271266884230634 0.42261004704301075 0.04271976848362122 0.04389453936415567
0 0.390078440905592 0.4115730949394398 0.02974840040978894 0.03183183269183773
0 0.42597715638255057 0.40103835537519855 0.021526745276088513 0.02247788176625122
0 0.45033073269336416 0.4100562251324994 0.03915008519968827 0.04133583583440249
0 0.505955419283077 0.43691326003386943 0.04358174658562449 0.0674447724313447
0 0.4560604267011192 0.4183612275333349 0.030643441300848322 0.038224504606931206
0 0.3766704069622598 0.3935785974109161 0.022803792384249795 0.017910357910633553
0 0.4104264790370439 0.39548215744898585 0.019442242476556112 0.0186696579262891
1 0.283295039553576 0.42320329026625886 0.019175544295852925 0.0767973511100165
1 0.3039888146463614 0.42352169629765396 0.016421850645824815 0.07566074285572459
1 0.3593622240392477 0.3978494623655914 0.007358953393295176 0.02541544477028348