0 0.8550680539496882 0.5392192941257331 0.2663575216871934 0.25627403221988027
0 0.3392613208985972 0.5040437431745631 0.17988238330756848 0.15882570745891372
0 0.13610046336812653 0.5963771368867608 0.27220092673625307 0.33938040784610213
0 0.4254552259468584 0.46616969849706746 0.09306386602967856 0.1079179124282136
0 0.49450833312040066 0.427041807948436 0.05661756838332992 0.05211578995601173
0 0.9361921109240853 0.6584548726459403 0.1276157781518295 0.3609572006926625
0 0.7232763582044026 0.48203320097713526 0.07944806052930806 0.12888160921844452
0 0.518452554673127 0.41779850188821177 0.037471044482701346 0.040234279539345066
0 0.7145175138459474 0.4505728892217284 0.09171542825020441 0.07549798243905792
0 0.6450955631883049 0.41571447646513016 0.02591379061158524 0.03838592260813783
0 0.5345722987626482 0.41067716686140643 0.031309987128219544 0.03195455929634042
0 0.5396418099703598 0.40312290284873686 0.03020097384760834 0.02916606407128238
0 0.6819493191610665 0.43976280533090484 0.06937022298842498 0.07150832369180718
0 0.6915760055878858 0.45195242992710627 0.044680179773737734 0.06959752952598057