0 0.9424017768167416 0.48935586849149254 0.11502057728178659 0.15678774180183896
0 0.06495222388077543 0.43565534216917157 0.12971817131838834 0.07779178265136241
0 0.21952547212165588 0.4206677210296004 0.11838992501708785 0.054021005639815496
0 0.44041793461422984 0.4303492660746197 0.051423391746090556 0.054357474617011854
0 0.03145228812466463 0.39251628439447395 0.06290457624932926 0.037419443139815496
0 0.2628648497487128 0.41237496444090604 0.10851929758965531 0.05155131917079057
0 0.04000533221690068 0.4545592963404203 0.08001066443380137 0.06350603597721163
0 0.34048078884770416 0.39225290248121336 0.028646673419294257 0.028562722900629278
0 0.5459771643675261 0.4301943960777126 0.11552477857663021 0.050059149808315
0 0.4949622540228306 0.404409115848187 0.07594754709538533 0.04058709615369929
0 0.29410811866392195 0.4002778621013563 0.054654537023137266 0.02986367263868524
0 0.46666227825723117 0.3915654813555795 0.06054727424877351 0.027600449667415077
0 0.38470246883464077 0.3837846623604365 0.01803766033830744 0.017057536284594943
0 0.507886510741389 0.4172176834658327 0.05929293441460548 0.0356129099080523
0 0.3131232273354456 0.39577208935690067 0.04386755880135936 0.03111044845506476
0 0.15831927520178032 0.3969958949531861 0.06948329772699688 0.028465353032594086
1 0.41741618969746525 0.39002932551319647 0.01062959934587081 0.02541544477028348