0 0.8282609192543311 0.5423527453768405 0.3210838985365137 0.2649425458115683
0 0.6835029458570753 0.4683339108702957 0.13677609210509506 0.149790774109543
0 0.6087146924347149 0.45430082170145253 0.050961211384658624 0.10224662474989309
0 0.5716583426624463 0.43930355008629646 0.06941374110473733 0.07076808597568426
0 0.9115115249147204 0.7238544900396353 0.17571652179259506 0.36578381073206867
0 0.4982508911232625 0.40651502264326733 0.019624374776420688 0.03164544576307429
0 0.5664706288647281 0.4253156406555474 0.0680394769202269 0.05419921875
0 0.4897829494024044 0.3962943486337671 0.017904760402826042 0.019067728857374143
1 0.3955561216015944 0.42618337800891987 0.015823925701400246 0.06910766720888319
4 0.4689288634505315 0.3704789833822092 0.012264922322158627 0.02541544477028348
3 0.4713818479149632 0.39833822091886606 0.01062959934587081 0.026392961876832845
2 0.5327064595257563 0.4090909090909091 0.05478331970564186 0.05571847507331378