0 0.12935526762843036 0.6083925308719758 0.2587105352568607 0.27531103467894674
0 0.26855940986439913 0.5159600221516449 0.17173799528806596 0.15260766887944466
0 0.5997750632410057 0.4539422177848928 0.09860306846637368 0.10206256467459372
0 0.534524663393359 0.4285532931778088 0.04903139253181214 0.04288644501657197
0 0.32648093098026754 0.46183703768404816 0.12052334826789912 0.13574433536473607
0 0.38356489679019956 0.450673137825139 0.05428098988942406 0.0934110848435209
0 0.5085958510466706 0.42291253799334066 0.03693834680664861 0.04312321727226906
0 0.48238439552138695 0.4184836558232909 0.031409100636242845 0.031153614569968843
0 0.4092438916933897 0.4361828219506048 0.031284385300618354 0.05227914700177175
0 0.43747354976875513 0.4119883487884134 0.02471569494838512 0.02486386117347874
0 0.46740495583510067 0.4166321964207982 0.021600805923574204 0.028396889844131842
0 0.41116344236684255 0.42647766530921616 0.03723067176800133 0.0514862865996151