0 0.25219544405247085 0.5455811650638823 0.5043908881049417 0.2276145659117638
0 0.30692899490319014 0.4178195479794798 0.11173747975808718 0.05065628603639724
0 0.48808254887603486 0.45741327160847384 0.13330442439505827 0.11043771574108016
0 0.11642563040882276 0.39043449633049243 0.07354499897991938 0.033780781288184264
0 0.1650518353416212 0.4181740948182047 0.12229454683068339 0.04518006624014846
0 0.6179956294236764 0.42784940508919844 0.11411837486585241 0.049143085498380985
0 0.34590449610013796 0.4104534458671264 0.1056453676761805 0.04944316010088282
0 0.5686161917735588 0.40081370960582385 0.07541220439620809 0.036702623115606674
0 0.5790975201061682 0.4163465453266282 0.061569850169920275 0.036915589870478986
0 0.41706542469689034 0.3914551497204912 0.02802561699905458 0.028625189966703324
0 0.3745046944668911 0.39735305204419447 0.05250957298746678 0.02703389068036718
0 0.24748185064981731 0.39586050978853554 0.062249047192802026 0.026616817112658845
0 0.4587679821647588 0.382872998190066 0.016667039298855275 0.016429136692021017
0 0.374956793796792 0.39796947430771934 0.052902234156211675 0.029116036721804742
0 0.537073492516481 0.3910045605134638 0.05445952895032707 0.026932284745769183
0 0.3985129954477655 0.39394451003386943 0.04923648163615341 0.028917985694266252
0 0.061871750753918146 0.43391867420423996 0.12327153999008122 0.04199594626328812