0 0.17808131594591617 0.4310831347751711 0.11944366729561656 0.070271929221652
0 0.31417861651516504 0.4172900396591291 0.10898169005199816 0.05106109887623717
0 0.12945365437892062 0.39018661185793163 0.07577909530427547 0.03332623941341337
0 0.47604049470516274 0.45738090448015944 0.15308532964374233 0.12222036471697825
0 0.15110030797106852 0.5445655233582677 0.30161324789167326 0.219645868415124
0 0.6244312202160415 0.42720771558357007 0.11450434861764104 0.0485719026358596
0 0.5749187578652009 0.40039744148739154 0.07734910991478434 0.035536093912283115
0 0.38146298923944705 0.3979481746490866 0.05262093844222711 0.02862560760706867
0 0.35329485290477436 0.4097003806254964 0.10518226405195984 0.048814253373579544
0 0.46469248462093726 0.3827537916972141 0.016840213454364268 0.015838175575054986
0 0.5859538691997138 0.41439583667445623 0.061810497368152084 0.03332358441394795
0 0.2546286157965173 0.39268199812515275 0.06546352383355478 0.02192844603418255
0 0.09912065161317465 0.4471427343224966 0.19050917387593505 0.07347150189203018
0 0.5466825371381209 0.38964020401851174 0.05909425824368868 0.02667982114491691
0 0.5473464878484643 0.390411063722851 0.05817099545495196 0.026902990257285556
0 0.42237060496968903 0.3914840414843368 0.030192215327639514 0.029543968939012098
0 0.35457553068146974 0.410277470116042 0.10255797691064493 0.04733473254788306
0 0.40408156762236175 0.3936714776450238 0.05416660511581409 0.03069030224752566