0 0.7263188584359669 0.5117820225153501 0.23572985071289862 0.17401576484985948
0 0.3527312633548715 0.4708213023076659 0.13366626854909802 0.13748210709349035
0 0.6253905900657323 0.46021786090332506 0.1037255799487684 0.10795857270092558
0 0.4544887589511575 0.42437265345777586 0.05792915051039963 0.06182404906868585
0 0.556619315096714 0.41993292755395434 0.0618524184893704 0.059064878163566106
0 0.5016008628165244 0.408447399866546 0.033618194006158016 0.03338882580530608
0 0.5259568096669307 0.41530841070419416 0.02941884550030662 0.04692505718093231
0 0.4355574051864013 0.39972611443155087 0.027479893831766147 0.027115270888700513
0 0.4209597471397818 0.3908597884639617 0.018437458078878782 0.02012349386951674
0 0.4862253433938701 0.40122838174143144 0.025818769403490392 0.03300271728754277
1 0.40106295993458707 0.3978494623655914 0.007358953393295176 0.03714565004887586
1 0.39084219133278825 0.3949169110459433 0.008176614881439084 0.02932551319648094