0 0.2248937064691927 0.6796172767557124 0.4493390906324956 0.43238820125397115
0 0.5905327036647844 0.4535951586412894 0.1000734018870094 0.09878551971644367
0 0.43715440028043234 0.42671924042911474 0.046802735971995094 0.04809433087808529
0 0.5064535819402213 0.4244552269242959 0.04402601065834526 0.044554082995402616
0 0.5418363557130903 0.4400649681352334 0.04752113423382563 0.07030599674288246
0 0.48300844630742795 0.4123559021413734 0.040017652784520644 0.04173193788947947
0 0.4587324739769649 0.40466389138677605 0.021165325323870606 0.023349437545821115
0 0.4909822428119251 0.4203351898044202 0.03563340219043847 0.03954153349905303
0 0.48603083438202677 0.4204241024550571 0.025313869423293132 0.03988486371082295
1 0.25020441537203597 0.4291300097751711 0.029435813573180702 0.07624633431085044
1 0.2775960752248569 0.43206256109481916 0.03679476696647588 0.08797653958944282
3 0.29313164349959114 0.42424242424242425 0.056418642681929684 0.11534701857282502