0 0.4699918882630443 0.508842013332035 0.1801614582002504 0.16773063532884286
0 0.9496663078751022 0.8910068426197458 0.10066738424979559 0.19908844620601174
0 0.5591890049682517 0.45005438870815007 0.11703164326004191 0.09294365578033358
0 0.46324812732362786 0.4086527297690234 0.03958426824087796 0.03588022957332906
0 0.48415523850323233 0.415211801538253 0.04631111101351697 0.026200757814409212
0 0.4390092851291011 0.4032612611354854 0.02204377243778107 0.022109015829285802
0 0.4233931559377875 0.3966648851321939 0.020929394251775858 0.019328097793713344
0 0.09753725122133436 0.7538431863048326 0.1948800840074667 0.4711836500717864
0 0.3858324551523853 0.3941585954682918 0.01832739018263236 0.01780275585364736
0 0.4048097225260949 0.392791882288421 0.015106201171875 0.015692806896459556
1 0.2966541156160568 0.4410108489841077 0.02448328225610691 0.10094621197802114
1 0.27328148106522765 0.43919330794557215 0.02603214291988195 0.09912559829965481
1 0.36917416189697466 0.3973607038123167 0.005723630417007359 0.024437927663734114