0 0.2077052380740399 0.4284912437521001 0.11758054794099422 0.06792344795294171
0 0.5808554748385438 0.5121801978565265 0.39369130543968467 0.1956236719036382
0 0.3393424557352885 0.41484860357767445 0.10653182471860946 0.05029496745746273
0 0.3781945890612224 0.4074186174051503 0.09952014289912102 0.04652221321710044
0 0.16368320742690554 0.3889078119749664 0.06500726982110461 0.03268334173387097
0 0.6459705168754472 0.42489476357736894 0.11540041258368254 0.050629616715924364
0 0.40678985920092753 0.39508948601119565 0.05198343796312858 0.02801400312347263
0 0.4868833053726109 0.3807538014819312 0.016842059979941742 0.01652925105388563
0 0.4450781908760476 0.3888193467961495 0.029067905828393296 0.028038733399392106
0 0.5692928435855095 0.3883543191650629 0.05877086673714738 0.02799156986956256
0 0.12124085133912031 0.44286473965015577 0.20962231839570664 0.067158957264174
0 0.2805490189659137 0.3929796265483718 0.06346503419166497 0.023005779188049854
0 0.4315099583623454 0.39177169128596956 0.04261783528113502 0.02964220391923265
0 0.5981832833340786 0.3978115316709815 0.0759242908543285 0.03246703385607588