0 0.8446319405406787 0.5025247702500687 0.3107217459627964 0.1863750856759378
0 0.2080359158706977 0.4284704064810148 0.11702903566648994 0.06778559680092253
0 0.3397007690329875 0.41494995594490774 0.10716810249833912 0.05050011837121212
0 0.645852064754957 0.42434461189038825 0.11291683568198078 0.0480783710498381
0 0.16338639715511294 0.38891528475436066 0.06448955645058259 0.03275210323687989
0 0.379113060864677 0.4077098917285252 0.09810750092625715 0.04689033336769917
0 0.4067716559521604 0.39515450366664373 0.05204559600655407 0.028116653158983995
0 0.44460969739338463 0.38925773493821786 0.029805468031352207 0.028656334005376344
0 0.6088431008214943 0.41415909425021386 0.05853206606449305 0.036426115362292275
0 0.5988237532259301 0.3992550459308941 0.07502054134939698 0.03681508769970369
0 0.5724801713096638 0.38919279186140643 0.051844050235077675 0.028579488178152493
0 0.431014253580463 0.3918131122607756 0.05006978868560916 0.02976466204064333
0 0.12079013378427152 0.4412314675071023 0.20967869357017835 0.0646627804634042
0 0.2811753654324024 0.3932359384068762 0.06555804598068275 0.02324604172394306
0 0.4869480086269675 0.3809896042153516 0.016284558973834833 0.016126257932780424