0 0.732360764984605 0.5077486308555565 0.3894762115603281 0.19273500265380622
0 0.20807416889380942 0.42859675760725957 0.11679377832670049 0.06791420020199475
0 0.33962271589776677 0.4149908697849844 0.10719185780036283 0.050382194630910926
0 0.37869357516896207 0.40776190286973824 0.09905736366452882 0.04686166533976356
0 0.16384917638970514 0.3889727699675052 0.06503191095634454 0.03272495661313233
0 0.4449778796217038 0.3892019948651714 0.0293920958324816 0.02845440488873106
0 0.4066636965884991 0.3951944778158984 0.05237909349767478 0.02802614452552236
0 0.6302707076365112 0.41362245621219756 0.09380305018077985 0.02818821881873167
0 0.569740925474627 0.3888979377634714 0.05630186241567866 0.028530087289222874
0 0.12364545574172636 0.4426837372989599 0.203718569077923 0.06651039160824475
0 0.28008712556453774 0.39296833534278014 0.0639247941074075 0.02264431145184201
0 0.4869266737706332 0.3809575950644932 0.01637054717842907 0.016419918772528713
0 0.42835324802850955 0.39193864302201703 0.04641668736106143 0.029899679204469086
0 0.5973274187289197 0.396626327977036 0.07634055760680704 0.031855071395023825