0 0.7593110054122164 0.5214449378169294 0.22857685978063674 0.17641988178152493
0 0.8841070641480989 0.7103612607059124 0.23115026765637775 0.44118612369600746
0 0.6708594109323897 0.47765051281463833 0.11779585531863246 0.11730587121212122
0 0.6138499050187168 0.446909467262723 0.08053681193466374 0.08488313706622679
0 0.5399699176030381 0.41544891685567875 0.03360082668451043 0.0364603022093414
0 0.5649725476543336 0.4280473666223729 0.04009745263312551 0.05228976699963343
0 0.47277255615833247 0.40390192145592774 0.021769488530381235 0.022854265229792888
0 0.5783467826936836 0.43477367352646934 0.03081521808565004 0.05860598089641374
0 0.5234020167652546 0.4096930570033755 0.022524018806214227 0.028818557455858995
0 0.4570623914043336 0.39254162621521416 0.01568378938189902 0.013959122076994747
0 0.4944259880608647 0.39752067498797194 0.015145801659597303 0.018599464513456135
0 0.5129355354964099 0.4032441527962335 0.025370812279614678 0.0264353225424609
0 0.5165446945028235 0.40499761587014294 0.024356520770518194 0.026115648674242424