0 0.1560860584723784 0.5663682894739355 0.3121721169447568 0.2519600757289376
0 0.6483036518486816 0.4509546870942922 0.13164399865213613 0.13223666343055046
0 0.2859490707285172 0.46004261602288 0.17371775766717346 0.1901863821557307
0 0.3709828212235857 0.4421330188143405 0.08206181748422169 0.11732541081492852
0 0.02993901731874352 0.7645096914043408 0.05956755404285203 0.24580062612643572
0 0.5573421300481015 0.41172781577907347 0.058973585301895955 0.04949530548364186
0 0.4102771100896553 0.42093377285805383 0.04175445980842447 0.06006667807421493
0 0.5261258166633662 0.40488677710032533 0.039101177224933566 0.04696607543110032
0 0.4831608345736662 0.39702935092959585 0.025446819264871218 0.03131166161679802
0 0.49819764131809585 0.3996847829511089 0.03356594232292518 0.03348503224660924
0 0.4138396817548102 0.4087298888265213 0.050161091889500714 0.05957096879200269
0 0.44998453410063627 0.39149460181928913 0.028497329424954008 0.026315191274514295