0 0.09831236064348763 0.7527007012539711 0.1965472114044725 0.4797593580080034
0 0.7670709542924035 0.6323169697065157 0.44952841732995197 0.34089483147375976
0 0.5648577885849985 0.4523420734722477 0.09731763713396872 0.09656256920897482
0 0.9415308156173344 0.8865328702059659 0.11693836876533115 0.2148183932635325
0 0.4835483055083555 0.4239849937043698 0.04437809817048242 0.044475029640533355
0 0.43574535154653005 0.4030628073833089 0.021067060219491007 0.02142751624740347
0 0.4590564144505698 0.41193432402401026 0.03823850043757666 0.04119449440218719
0 0.3957866503387227 0.3997154944336892 0.02070611437519164 0.022911183645298754
0 0.42046734863680496 0.3971368933236727 0.019156355401676206 0.017778622206821238
0 0.5177529211036513 0.439015825706027 0.04547478464521157 0.06938265355800953
0 0.4664523732145595 0.41963361365354657 0.0319668511728332 0.03908320302953935
1 0.2792409053125639 0.43424571644176135 0.021077241063215454 0.08745574205385508
1 0.3037776744277967 0.43458716727188723 0.024052817219120504 0.08910643576643451
1 0.36917416189697466 0.4002932551319648 0.007358953393295176 0.024437927663734114