0 0.859351444322363 0.6276486453655761 0.2812885275066435 0.32613530163657745
0 0.7085221447324714 0.48106545367198955 0.20849080370375103 0.18748612837357956
0 0.5498098028749105 0.409850895230022 0.051937823790755316 0.047083581531036166
0 0.6088985215418669 0.45150410791063356 0.05474035055639309 0.08031098933513563
0 0.5141345793754472 0.39463916528726023 0.0351826503251482 0.033344913904035316
0 0.5040784260335752 0.38896173232927816 0.029652106596228536 0.03126011286313233
0 0.48330296713703497 0.38490495280902526 0.021578298273967702 0.02360273642740408
0 0.4292847078936273 0.37927137208940465 0.01606587045814595 0.016679094450681206
3 0.45502861815208506 0.38220918866080156 0.01062959934587081 0.02932551319648094
1 0.42354865085854454 0.38220918866080156 0.009811937857726901 0.02346041055718475
2 0.4713818479149632 0.37732160312805474 0.023712183156173343 0.02346041055718475