0 0.12650453673792927 0.740488076606221 0.2529342934848681 0.4988333216394031
0 0.5685603967574612 0.4526767674778913 0.09816020176436017 0.09738344134706439
0 0.41537959675075375 0.45241150618298664 0.08643092157795891 0.09004251698245051
0 0.4865331891512929 0.4239276725642259 0.043877440208503676 0.04454522305336633
0 0.9497040867902954 0.8902795517549487 0.10059182641940924 0.20074170542369257
0 0.5210731238102386 0.4390704172680688 0.046048006071775345 0.06917651820625612
0 0.4646944309587081 0.4126812141545241 0.04007349770671505 0.04255403311721041
0 0.47050257735045736 0.42003788952720245 0.03257385902685507 0.03907359730113636
0 0.43942714887667367 0.40264885120261334 0.02263725573960037 0.02192203227142901
0 0.42361553750463127 0.3971074795093704 0.02182460981417365 0.020521803452239126
1 0.2772275810834334 0.4459042069033327 0.0307961290036667 0.11575553051304374
1 0.25779430922775703 0.44461498092696117 0.028618900676487122 0.11350558253910069
3 0.10016353229762878 0.4423264907135875 0.08912510220768602 0.16715542521994134