0 0.702547486649121 0.5007762293661794 0.20398288580207483 0.1533013098633767
0 0.36725361310158805 0.4697311565440188 0.12069362786980019 0.12425874801441837
0 0.6173992016621525 0.45880235837934535 0.09412908671044562 0.09991112016396322
0 0.4602601245496474 0.4304642812480908 0.05940043214687245 0.0629840451834372
0 0.5547015735192662 0.42332470428675617 0.05808271156991006 0.05655479990492119
0 0.5028645600438215 0.4126188664142687 0.0330373369468009 0.032965248980480207
0 0.5275072423727515 0.41871258240641035 0.029234791815719544 0.044835214624190496
0 0.4243231186200046 0.3983137143788566 0.01895358693083095 0.018683171575253545
0 0.43745975073302074 0.40688825888834157 0.024165080983621218 0.02584570384095491
0 0.48797542543949307 0.40144258650167247 0.024251668061375714 0.025598460744669475
0 0.43782092115475524 0.40662032767824413 0.024226764919128167 0.02597991555550464
1 0.40351594439901883 0.39882697947214074 0.008994276369582993 0.02932551319648094
1 0.39247751430907607 0.3993157380254154 0.009811937857726901 0.028347996089931573