0 0.6215775896073947 0.3973690864510783 0.09873172638363654 0.04171899103815371
0 0.36043743841587667 0.391510233501535 0.09119273674653772 0.04370155968391068
0 0.08039987428404714 0.38234293798780394 0.06652748750451151 0.040815008467360095
0 0.2686254293920559 0.40030624673047255 0.07345184301218827 0.048963947613101785
0 0.44592058083510067 0.3692034202120754 0.028616205747265946 0.02598946162099829
0 0.3883490449370465 0.3859379862527111 0.09260582787427177 0.04144236395902065
0 0.41675782846995096 0.3743769849849936 0.04862600530841169 0.025735446784503298
0 0.2979628905251878 0.37371089334944707 0.03991472146010067 0.021591589248075513
0 0.4851583510466706 0.36121127519206686 0.016231309168668235 0.01599133026331867
0 0.5887799516429886 0.3815426197219804 0.0566678737287919 0.031919209022559264
0 0.5625507545003322 0.36884705365461573 0.04348677528362633 0.026666754967772485
0 0.5845481392212413 0.37820895466287113 0.06239115480312245 0.03480695349729655
0 0.5904872641637495 0.38500035380105235 0.05200829119927944 0.027624851797333212
0 0.17620605069501227 0.41104594330400784 0.15290269828291086 0.04985337243401759
1 0.8558254288730325 0.4164471071603128 0.02008450898788839 0.06432401446419844
3 0.7019623875715454 0.3895405669599218 0.018806214227309895 0.053763440860215055