0 0.10828700654348777 0.43675057419583946 0.09676917536962451 0.04748684313523338
0 0.9404048841699458 0.5108953720197184 0.11864266196724244 0.15349434920653104
0 0.3197631461641775 0.4546630948869364 0.1301159488306802 0.05625785760515946
0 0.026472714495824577 0.4382901159083272 0.05284087350157959 0.058062690444006596
0 0.2709433804353728 0.42353623913180444 0.08005728920463256 0.042158020556497436
0 0.03332182908779466 0.42199448989167127 0.06588561224917944 0.03661485897597446
0 0.27886674682916623 0.4365761645961251 0.07088484806987173 0.040563529304511854
0 0.15477289806500089 0.4021113331366844 0.019961652654365544 0.018199335211999023
0 0.24211116862511498 0.4128027773322947 0.0576777735013798 0.030450278363269793
0 0.10082019047959359 0.4055321657063325 0.039435161300496985 0.017754965863269793
1 0.13082583810302534 0.4046920821114369 0.009811937857726901 0.02737047898338221
1 0.17089125102207686 0.4115347018572825 0.013082583810302535 0.02932551319648094