0 0.7472532932035083 0.525704735301923 0.27694305394968827 0.19771825766167217
0 0.6252701417013747 0.46417058830969726 0.11340821110997547 0.11771047523177847
0 0.32791246241072797 0.48027778394294507 0.1516950955082916 0.15170902613903653
0 0.4413143853525207 0.42208462563194954 0.05670557778484005 0.06036573840725806
0 0.5500759520885502 0.41939436538711206 0.0650059348330182 0.062074185816074046
0 0.4924449156467191 0.40722932190955674 0.03437342296734464 0.034778613615362296
0 0.517676489916573 0.41476637317288306 0.029051536628679476 0.04821252310147849
0 0.47667214369442457 0.3996560105130819 0.031006657872547017 0.03722694076284518
0 0.4244347585582967 0.39714250163715026 0.029532681306853024 0.028122082483733504
0 0.4100604053413098 0.38748070501512094 0.01885686891544869 0.022393518412451123
1 0.3900245298446443 0.3998044965786901 0.011447260834014717 0.04105571847507331
1 0.3798037612428455 0.39882697947214074 0.008994276369582993 0.04105571847507331