0 0.43961866352271567 0.47207036023032745 0.2286723301436018 0.14058741236711877
0 0.1933927122725879 0.43082755378730603 0.11844463457558259 0.06957831806917461
0 0.32774654959228716 0.4163043934811828 0.1078848289059306 0.05032208424975562
0 0.143081265790289 0.39017784141025935 0.06320459922609618 0.03314432720285007
0 0.5859431393889258 0.39990669914238147 0.0765177242500511 0.03491735971102151
0 0.634297281235627 0.4267820207254628 0.1116510673516711 0.048104622729945624
0 0.4765020637169103 0.38273596740305016 0.016588586914861 0.01584154652943243
0 0.5971224543898201 0.41486232604682155 0.06115303445037817 0.03386654672035374
0 0.10785538859768959 0.4447669423570381 0.20730702251269012 0.06781757612032624
0 0.5602625100610691 0.3909279831693319 0.053844885463511856 0.026938609014158725
0 0.43453467954696445 0.38937537527969973 0.028581620822260834 0.02436504941998106