0 0.9071188651433463 0.5207591275898475 0.18576226971330745 0.2445349669992516
0 0.514644020810443 0.464193364625336 0.10292119348234362 0.10045527572855571
0 0.5607826064477079 0.4460973655723057 0.06561598695893807 0.07905102801579302
0 0.8204743205185123 0.4769440144737445 0.10792228343149529 0.1488275164383248
0 0.3830995099620554 0.4919391083927099 0.19630413414119993 0.16610133076926015
0 0.6094356608605248 0.4225768893811477 0.04609561648801615 0.04369953114499328
0 0.6843887042141507 0.41212699047398127 0.03792623799059689 0.03719782526308957
0 0.7733584736958938 0.45564363988613454 0.03767895328150552 0.09250441744180718
0 0.7641243486256261 0.43178398005540536 0.055260372083886955 0.05994729259263502
0 0.6316959508987888 0.4157623559498717 0.02826671335215658 0.034863066463526396
0 0.6442472094506976 0.4089915255996838 0.026654197462055395 0.030456990440570014
0 0.7509976228728026 0.41242631929011636 0.035781773015893296 0.03720009245364431
0 0.7503660861722583 0.4131513429643588 0.035769645834398 0.036467193275369625