0 0.1829507582907002 0.5525407390277524 0.2924969408810382 0.25942250360841274
0 0.6710482306492105 0.5126266106599005 0.1917317874686989 0.1828424149827407
0 0.5409769727281147 0.42779533557761334 0.07821528012890945 0.07602423913084982
0 0.41012124087317303 0.4174091268261623 0.05117176520658728 0.05399621570098668
0 0.8257556581536182 0.7259358604632514 0.3484886836927637 0.5019977528561828
0 0.4739490674347148 0.4088677399785404 0.0389828498696852 0.03950925586510264
0 0.5023357051372138 0.41964881277969973 0.035179606053250205 0.05737140614499328
0 0.45277585694756745 0.39874494297180474 0.03759675794025961 0.03868244726753421
0 0.39324102768231295 0.39459966844128025 0.021961676908728536 0.026415007321832235
0 0.457791070322082 0.40517265193040536 0.029443000051103844 0.0353372374354686
0 0.3809082455451822 0.38401648259465876 0.01977032515618612 0.020550560974538733
1 0.3491414554374489 0.4046920821114369 0.014717906786590351 0.05865102639296188
1 0.3372853638593622 0.4046920821114369 0.01062959934587081 0.05474095796676442