0 0.1726934147582908 0.5248379525550999 0.2596718919930259 0.2038152103666453
0 0.30362763174810276 0.46815806936075727 0.1326352085915142 0.12681044115232465
0 0.5868489599968699 0.42055419742886274 0.08862928513708605 0.09235242618027553
0 0.3427157585287523 0.42670178902813416 0.10231715504107472 0.11943810426594574
0 0.39299712411127224 0.41784409926667127 0.042965830493343724 0.08389103237834494
0 0.4789302448512878 0.3909269390684186 0.030428845085087898 0.029390694924929742
0 0.4650721702045431 0.38888440919877965 0.021724822573845053 0.028504820047119378
0 0.5259157119963077 0.3988101992788902 0.045763541320651066 0.04229697547233932
0 0.43527331473100217 0.38492106179454577 0.02413164389883994 0.024112615650583456
0 0.5043496407160287 0.3951856178738621 0.03403910202562858 0.04133485139639846
0 0.4125469516557645 0.4048870604991447 0.03366026484566639 0.05167798352730939