0 0.6780206862767018 0.604682885073963 0.40265386648482215 0.303903380214061
0 0.09830105548400131 0.7535821014135814 0.19660211096800262 0.4752628031830401
0 0.5661098826448155 0.45403299490144644 0.09523006510948999 0.09992179982473423
0 0.9464502591923037 0.8872728394389968 0.10709948161539248 0.2045927075696481
0 0.4857272056897741 0.42426002480067815 0.04412936618458708 0.044517002497250734
0 0.43782960481557903 0.4030923106919752 0.020827261424902904 0.021736570117760264
0 0.462279474939953 0.41185348078186096 0.039573039369123056 0.04082482301594575
0 0.5208570304115776 0.43881098802255164 0.048102440448052945 0.06938596484947764
0 0.3947772371505775 0.39857526165765517 0.019358375281071136 0.019490798547470673
0 0.4691937899648022 0.4196380734560194 0.033353691693709116 0.03881588336426259
0 0.422186626144247 0.39637833909438386 0.02016752777972966 0.019146513729151392
1 0.29938601277835625 0.43716203945007026 0.022544804695484977 0.09135173003344942
1 0.27854984311519443 0.43577414593738545 0.021856399997764207 0.08992319116377993
1 0.3687653311529027 0.39882697947214074 0.006541291905151268 0.02346041055718475