0 0.8751118894687756 0.6099730610031769 0.2493620004599346 0.3546891944266251
0 0.6819992751638517 0.4665813427400263 0.15293528696404846 0.12956451087869625
0 0.4947386248035696 0.4247148351585411 0.038802539142349754 0.04015224303900904
0 0.5934137327205131 0.4284401872174365 0.07983408418719337 0.08003063332416911
0 0.4469716780905049 0.4214192499513151 0.040044053109668847 0.04141157789780364
0 0.5439932473058693 0.4251738070043301 0.040396240433999385 0.04145441586670638
0 0.6161678685385579 0.4445110481388991 0.0653283781237224 0.0877622900820198
0 0.5169119285153057 0.416005392811049 0.021232848272690105 0.026485916689577223
0 0.47206905486636347 0.41632614061163553 0.01933412091808054 0.02661323733809873
0 0.5276753261063982 0.42229560859508647 0.020067141666240802 0.035030629744394554
1 0.42804578904333607 0.4198435972629521 0.01062959934587081 0.053763440860215055
1 0.4125102207686018 0.4203323558162268 0.017170891251022075 0.05278592375366569