0 0.35297133663299135 0.48839830862811584 0.30107691866983083 0.16174566990469208
0 0.20102362270152482 0.4224053436010814 0.1159766408525718 0.05291431833455523
0 0.15693268421138784 0.389740527200559 0.06476180668454236 0.03242237616843842
0 0.6415433969443096 0.42614687922413397 0.11106357278145441 0.048016798927404084
0 0.4427807387619455 0.39049483044755773 0.02741197163417314 0.027681889538657748
0 0.5933062349882461 0.3998639804992974 0.07547808044383687 0.035307913115530304
0 0.6036261170980682 0.4140184091100012 0.062018006918182746 0.033605372334738516
0 0.3730272868570498 0.40465537450646843 0.10275829998275245 0.03630717735253238
0 0.4837858585285926 0.3821419336462534 0.016448550407553147 0.016914166313462244
0 0.5642498574681879 0.3899965258287894 0.05890177042876124 0.026560405831882333
0 0.26879489801988576 0.3981376043862262 0.04119566124380366 0.03184298965588343
0 0.40281850669779745 0.3963879000756048 0.051042957571034345 0.02678506651698436
0 0.11520478263412064 0.435618321333929 0.20774320647644393 0.054673479216306206