0 0.12541489219041702 0.5355008480485933 0.2420346419146484 0.19894110865140824
0 0.258987170989067 0.46265100384038216 0.10132638178004268 0.09914224425135935
0 0.47761359725540425 0.42054318962209036 0.06223405041074714 0.06345541199864065
0 0.4153148685433488 0.40652802915750247 0.026243570098502658 0.033562176388379765
0 0.3008646181345181 0.445322508453041 0.0660798641276574 0.07804412692639602
0 0.39425324808839685 0.40379066504574473 0.02606785073206255 0.026155921138043745
0 0.4349533043625115 0.4103217101633141 0.03542172548133432 0.034445813907090055
0 0.3812881931357957 0.4025151615385203 0.018227752660593826 0.02473582457004521
0 0.31009123233723423 0.4231201201706455 0.06724467242436631 0.06956990559895833
0 0.3394177141290947 0.4209499862536657 0.02359173479181572 0.060502963098729226
0 0.3545319501825365 0.3988503076696909 0.019591012550784444 0.022663851054649315
0 0.3460861043859873 0.4084792747758584 0.022113840597531683 0.03900641686522483