0 0.21160898341181233 0.5396184240734588 0.2629982986512578 0.23667252914413794
0 0.8198714548705156 0.6757648576156601 0.36025709025896874 0.4218470479269764
0 0.6576229915790449 0.5036959084131385 0.1731294895524581 0.16901875754139173
0 0.5398698309261294 0.42815203028107435 0.07541769406684383 0.07400703616622373
0 0.4116569388039465 0.4199957973446664 0.05264741362652034 0.054380116691104596
0 0.4743246856714406 0.4104032842761028 0.03822432710611713 0.039103070778347994
0 0.5024254612521081 0.4203355328661489 0.03492154162727412 0.056065444722553155
0 0.4523884109659265 0.39981168595926503 0.03570137429412817 0.03752254064714687
0 0.39610770873524376 0.39690610227463646 0.025768613776318477 0.026525950501741204
0 0.45798645269061733 0.4061750633858749 0.027206508234106704 0.034854534667491444
1 0.35322976287816843 0.4056695992179863 0.016353229762878167 0.056695992179863146
1 0.3413736713000818 0.4066471163245357 0.01062959934587081 0.056695992179863146