0 0.7112912593663763 0.5027462837167033 0.1826912980535824 0.1576763015105694
0 0.8671465770007154 0.6240717495408342 0.2655197979481807 0.31218536764762034
0 0.6270343721254088 0.4454421475019856 0.1263406773814391 0.12373741351264662
0 0.5322200747074305 0.40016533785434993 0.0447253447912408 0.04031983615133187
0 0.5012133170226901 0.38701534923803305 0.03158486990877964 0.029545639500473484
0 0.5690788462429094 0.43104542781647115 0.0340147478504446 0.059985566348973604
0 0.4244070481981104 0.37363395802785926 0.015909639422462693 0.016518273078567937
0 0.4918788806980785 0.38121668124828173 0.02785947960317866 0.02826873391487964
3 0.45053147996729354 0.37732160312805474 0.009811937857726901 0.02932551319648094
1 0.41986917416189695 0.37732160312805474 0.007358953393295176 0.02541544477028348
2 0.4627964022894522 0.37145650048875856 0.022894521668029435 0.02346041055718475