0 0.7132812150657323 0.49135833471751283 0.16132859411730888 0.13996936428931453
0 0.8630959237099474 0.5892228381025476 0.27380815258010527 0.33696048024346287
0 0.6256413931546402 0.4453191673301182 0.0842246229494583 0.08376007229235398
0 0.6548866652506643 0.4626078078940234 0.08480493104175184 0.08750022075276453
0 0.49274073403484003 0.42030592514739123 0.033057349291572974 0.03272146633293622
0 0.566045179390459 0.42364372186297194 0.04344235885757359 0.04919854217260814
0 0.5474813590747649 0.4152092807803336 0.03573436222403925 0.0423523128207478
0 0.5240832100320038 0.4174550672663505 0.019459135690285158 0.025759610262784092
0 0.46356914829057644 0.41713469235894735 0.028236669881950123 0.02537326309338343
1 0.4488961569910057 0.41544477028348 0.006541291905151268 0.03128054740957967
1 0.4403107113654947 0.4144672531769306 0.005723630417007359 0.02932551319648094