0 0.621938236015114 0.3855690606528363 0.07996718374706153 0.0345121590622709
0 0.40738150845369353 0.37587525487994866 0.07340211158683821 0.03546393162344208
0 0.24342679314601645 0.3559174747411107 0.05080665220321443 0.02684371515686095
0 0.4686838993749361 0.35905786180542826 0.035597769237402904 0.02445660215435606
0 0.20427019520071035 0.3623820404619532 0.03059103989932543 0.02886682474951124
0 0.5989254618509812 0.37081955418442236 0.04911069331945012 0.031963061260920696
0 0.5803470689550542 0.36263128226570135 0.03354687819399019 0.027179199696053275
0 0.433668559238936 0.37193235693788945 0.06680430102718725 0.0349600485226509
0 0.5087932296590735 0.3517299588707768 0.015444988709244685 0.014567206448940004
0 0.2764294328790947 0.38117026350481886 0.09209044761376993 0.032768092896581745
1 0.7779812504790985 0.38800773732473426 0.019851647140739982 0.057593560987903226
1 0.7185340313665807 0.38279524250347474 0.015239076154308053 0.04308130407846102
1 0.7301717089125103 0.39002932551319647 0.014717906786590351 0.05474095796676442