0 0.705775537748173 0.49754306647784546 0.2142874467402136 0.14887843873144244
0 0.6106597576000996 0.4556903410284167 0.10373625985345973 0.09927057916933957
0 0.5402908387577934 0.4140396043585426 0.058194002165525345 0.05574415995578262
0 0.7217795995055704 0.4040105377823726 0.055706981743152084 0.04234595872090359
0 0.896521704760323 0.4015175827787069 0.09361225917313983 0.04504827087342681
0 0.7919306782358314 0.4099783948672715 0.0758126010099397 0.062307467791575026
0 0.5729485899331818 0.39209093259809535 0.02954890078827678 0.029467779403790934
0 0.9100506486994072 0.4291973542840833 0.12154769585547834 0.055902922957523825
0 0.5258136290755315 0.37594319601795423 0.05305756688215454 0.025559083224508186
0 0.5907453036366772 0.3877897738012051 0.014221939997700326 0.0232461908812164
0 0.7880215336822235 0.402975281895314 0.08122950855669972 0.052643389063263685