0 0.7806737093484899 0.525603621586327 0.27671667989510934 0.1819532586449169
0 0.6539413439671913 0.46938872127588893 0.12481454894470564 0.11400871985352518
0 0.5683288823749233 0.41957729186713405 0.06367928106474857 0.059064013051380745
0 0.7624919701090428 0.41049571703839044 0.06352671812717191 0.05127779456294294
0 0.5990602582181368 0.3949402392434934 0.027899504292722813 0.029425448569617547
0 0.9637098834832379 0.4314890812102884 0.072226698244583 0.05430768591917155
0 0.845785470059536 0.411539146744028 0.09125469516557645 0.0601370504757759
0 0.6193691200636882 0.3905443357465787 0.017524076697286384 0.024756885577040567
0 0.9168414710880008 0.41643483151671706 0.16428767630825838 0.06714389237956683
0 0.867062460274747 0.41741479480254917 0.0605667875325787 0.059697424328338834
0 0.5638157492861432 0.3798858851398308 0.035618230737045176 0.02626104718429252
0 0.840241202154027 0.4072685502724447 0.09855955035006132 0.05786863683139357