0 0.17975592209012511 0.5857912363777645 0.3593652167419186 0.26351681109863756
0 0.844733374682198 0.6397882276965726 0.30921213644406687 0.3229096264433651
0 0.3853604058603332 0.4388438324541407 0.15653705986815208 0.06298335905997984
0 0.6044404099246857 0.4498107850493341 0.07326050303748467 0.07286875735047044
0 0.579527136739511 0.43373829831359206 0.06970120022166292 0.07174795976715237
0 0.5418667235729252 0.417775233353571 0.02973385278260425 0.032025319506812075
0 0.4677131758882487 0.4099791854008202 0.028640559922449918 0.02906475645123106
0 0.9830548340242998 0.8807271321614584 0.03314074237913941 0.21929358876695382
0 0.5268616820590377 0.4111838242874817 0.019946319006158012 0.02514457516190127
4 0.07890433360588717 0.3455522971652004 0.14145543744889616 0.13391984359726294
