0 0.11945290911031958 0.7444300050260034 0.23812599871261922 0.494121145060102
0 0.823664293265791 0.6169164812343445 0.3518278008099959 0.31729576431527984
0 0.1867480211733602 0.5480856350090497 0.2617196857393129 0.2358484053774896
0 0.6729357041790167 0.5116472887503437 0.1805342068364166 0.16699215766854533
0 0.6146879281943096 0.46444233794599216 0.11629792382652801 0.11913955106763197
0 0.4061635376874872 0.41925633524636485 0.05926723277481091 0.052821781162176194
0 0.557032138328521 0.4298298855331287 0.06889836084423549 0.07111651736620235
0 0.4542943247984592 0.3939043121487048 0.02009943091079824 0.020081401686980693
0 0.5203842450045993 0.40518473366954577 0.03457544284673957 0.03811836429122373
0 0.5682011477204492 0.44055163848668133 0.040774628459091376 0.07256722100668989
0 0.9884371067399581 0.9220532131101845 0.022351443523865495 0.14589371219758066
1 0.49092475098853994 0.4134492398706699 0.014634912947797424 0.05088610756315677
