0 0.8118058561011601 0.5032755086382347 0.20770667911258175 0.1759221439603953
0 0.9484834335713921 0.45332664571782594 0.10220109841322568 0.13873395425716337
0 0.7271858521006873 0.4487550200371915 0.10432974315527903 0.10696957048432917
0 0.19850277218385884 0.4109482154585166 0.11986625964585036 0.050971395692051565
0 0.801805148432709 0.3989617729000565 0.06768339692035466 0.04068589793155853
0 0.8732555822963511 0.41999163585674026 0.10236059829824203 0.06901277335158541
0 0.4813455252596714 0.40623638194094425 0.027541727485563165 0.04348355141319953
0 0.4572039750006388 0.39951702576578535 0.034213424021361405 0.036715211989476415
0 0.6744820695379574 0.41159338032861376 0.027017214409367333 0.05657833692265396
0 0.7142621443491926 0.40480878276209675 0.08041419265510016 0.059857708734268086
4 0.5672858449541343 0.40114586793782075 0.15335564601645543 0.20430125425754522
