0 0.8663526957676436 0.6301822457262265 0.2664270408798804 0.34726691968513257
0 0.5023142704686862 0.3965918726468949 0.04034284091054272 0.04245060746387769
0 0.6632714634144394 0.38797832351043193 0.0512599991855325 0.045646898674242424
0 0.20797978398844733 0.3927941196475211 0.06166478404234592 0.03280412929382026
0 0.9786640457315515 0.42735621656490563 0.041781583771974655 0.04531066834868341
0 0.6384143096349908 0.3834170940917491 0.0251092544268704 0.03860595941776637
0 0.5811498334733366 0.3866123412012005 0.04224007108225163 0.039952909258919846
0 0.6222512221004957 0.37556992994142535 0.02808066342370196 0.03776560733977884
0 0.5594953784958223 0.3787683093536168 0.024814958174698486 0.03280905148384042
0 0.23000229019077703 0.38594878523930076 0.03851405695044205 0.025704959037832965
0 0.5137202340076912 0.38084708444067694 0.029801924698487327 0.036482496811614126
4 0.4450228949209168 0.3709845221287344 0.06309168668233851 0.08218049676770223
4 0.5812194275251686 0.3866239307213389 0.042032811062704414 0.039533508837747436
1 0.11025850946359331 0.40405958069384623 0.015382762044936249 0.048570470726035556
1 0.28168438266557644 0.38758553274682306 0.008994276369582993 0.026392961876832845
