0 0.2565266818953457 0.5121882374335593 0.23684178350016608 0.2111435756888441
0 0.7546568876002913 0.5219131723293927 0.2484168788008483 0.22337638131567694
0 0.9040533332481603 0.7321971844834433 0.19083292876124286 0.40567282101509045
0 0.37589389305083554 0.4707394298803305 0.08454741558283933 0.11446108403210532
0 0.41457568439224757 0.44033631504689025 0.07510677908447465 0.08372991269168499
0 0.634423768237684 0.48369940704614184 0.07563837882640025 0.1261414111184934
0 0.03591611353910466 0.4031214261917308 0.07138807709745375 0.07891547388578324
0 0.6257129335442432 0.4496082443878681 0.08829221936005213 0.07899557134156586
0 0.4560628221937602 0.4051915501569373 0.0366803821928659 0.032730236780608504
0 0.5932095918320089 0.4372271913470644 0.06588458157131541 0.06751562213618036
0 0.47953011613348323 0.3928580335391465 0.01755197420533524 0.016708717085166178
0 0.5675016139631669 0.4183181509127948 0.04406463797718214 0.045084128281937315
0 0.5490000515030918 0.40995523074272205 0.03720489526906173 0.03976971429580584