0 0.9483440957494379 0.5114558752214687 0.10246619959883484 0.18356033877077224
0 0.6786044378896668 0.4489637208940463 0.10253047865136958 0.10080334914161779
0 0.830486880884927 0.4239084312759653 0.11316681532029334 0.09317956292384531
0 0.1782423067755711 0.436959841850333 0.09823298980638032 0.08075512003222751
0 0.7690311659581331 0.41040147947309535 0.05785239493369276 0.058232938555794846
0 0.9590879800567252 0.4171676710320824 0.08060353638593622 0.08105030227616386
0 0.7363269023006311 0.3990668989463053 0.0429423496748518 0.04117590940592925
0 0.47299725835867235 0.3943030244560652 0.03307157252912919 0.027928416680031157
0 0.7108022045718776 0.38543197020291114 0.022295648507767784 0.02470491918300953
0 0.874963319018934 0.3980222759824811 0.0658162601249489 0.06652891694159335
0 0.6570671374741287 0.40022504551086724 0.05855617070919358 0.02880641605380926
4 0.5460377004628092 0.3895811824854518 0.11311700903579824 0.14744903474958762
1 0.8349060407936427 0.3690461487830676 0.014771605746627146 0.016565406776942817