0 0.7750644387520441 0.48841088258625825 0.1720905943376942 0.15297561004131538
0 0.7114354380797092 0.44193192497842587 0.0940079646137827 0.09775430599149254
0 0.933496832360231 0.4433468159575849 0.13202059005774736 0.13170485808819038
0 0.2145373265663328 0.41103259372804407 0.10723896915563676 0.0467396546901729
0 0.8498204528359439 0.415476630277065 0.08818032989127657 0.06098462176579301
0 0.7876056911315669 0.3968371766986269 0.06129436851619992 0.03479567720743219
0 0.462748692061018 0.39985222690615835 0.033405643940361815 0.03521537594315127
0 0.48709323536833093 0.40532170479365226 0.019403490392477515 0.03876633331805963
0 0.6677903357043388 0.41070731154634804 0.02581692287791292 0.054537477614476415
0 0.7082686716673906 0.38835560191761365 0.062187987083503676 0.026877961666819404
4 0.5633544672344517 0.3996615889951048 0.1427608312199765 0.1897847612815402
