0 0.8625704374648661 0.6671542170460273 0.2739630111981296 0.4043048996613056
0 0.29896430002307656 0.487406472423326 0.18712594132879573 0.17356131246945258
0 0.7079250681916905 0.4946660016638792 0.19309826630212593 0.18008941918873717
0 0.05395258077323583 0.3979405825438737 0.10769296901107127 0.07565146527332295
0 0.39394036181520853 0.45862523411725625 0.06319329549519624 0.10131221409533847
0 0.4224325010061069 0.43354399113361436 0.06740247550209526 0.0741029442929802
0 0.6163473308622496 0.46579972879627934 0.06017038340658217 0.10766506101845064
0 0.45738630692489013 0.40202016821122005 0.03525830796772792 0.03173356788016251
0 0.6116517161309281 0.44285100226528135 0.07500906294715863 0.0807922005303794
0 0.5852718524823691 0.42994598955469515 0.05894149568172526 0.06145697301900049
0 0.5633410674474908 0.4200122046447336 0.0445054585292314 0.05130526933269184
0 0.48018428524887574 0.39045366304011636 0.016500851996882667 0.017303407133965665
0 0.5460348308622496 0.4069052926489568 0.0318681369135834 0.0375253746353403