0 0.8752049144330029 0.46840816136096347 0.16072637724856909 0.11963612546202956
0 0.7055424014174928 0.4190435325644932 0.08085576179859975 0.06668878370715726
0 0.9638560085343418 0.5058023670901302 0.07148589214533933 0.13046243766419233
0 0.13732767923874437 0.41442459419675587 0.06948538130653363 0.0481942662512219
0 0.17949349628738565 0.40297449136176533 0.050473666249584784 0.04169694559315432
0 0.5814825324669103 0.3639721315743753 0.02648007509070932 0.025658362305642106
0 0.6590137247754625 0.39207266083211145 0.055993592456433976 0.05827986343398705
0 0.4929411569191409 0.3694551081951063 0.023111962531301104 0.023367694396077714
0 0.5385095154956434 0.3617389637936828 0.02518865502670176 0.025300176029447702
0 0.5674558999786002 0.35646711929336206 0.019138139676384915 0.02304265086601906
0 0.6264298595762214 0.38973039942169935 0.026917252497700328 0.041939296330874266
1 0.8188970882387699 0.40356927090492883 0.021417850173114268 0.06762065868806513
1 0.7352369781020033 0.3880902809597996 0.015012552381439084 0.03538780175113025
1 0.6084185247039171 0.38950200980476385 0.009968692907425388 0.047975452531234725
4 0.45339329517579724 0.3567937438905181 0.038430089942763694 0.05865102639296188
