0 0.8432683313078112 0.5833086179731412 0.31344736743343726 0.2607578490137005
0 0.6815748986706612 0.48281866317853434 0.1341098588895135 0.13200913892580035
0 0.40140531575787 0.44792012711540813 0.09839755516021055 0.09686422487857405
0 0.622833900732382 0.4477610956305749 0.08792780504203292 0.09873829652370479
0 0.0910641708436406 0.40532064577701155 0.15707164461848586 0.0777088213759317
0 0.178994946857992 0.4013019311929145 0.10339770937004931 0.05349391366729289
0 0.45890170555083554 0.42589809980793314 0.04587762665768091 0.051100565890762464
0 0.4794244898798421 0.40577178686595033 0.0288233160485231 0.027280119507193914
0 0.44917423376175386 0.4381544573682261 0.02933959461876533 0.06148432846293072
0 0.5842191332788226 0.4345063538611926 0.03025347506132461 0.06549364613880743
0 0.5703677959551309 0.423837820222767 0.025692656697158627 0.046087568922592866
0 0.566355146156991 0.4177475050164574 0.03324873917237326 0.04582842307589504
0 0.4959777183251993 0.3974601917136333 0.014760227156582175 0.0142842551014174
0 0.010802479556785288 0.424030710408648 0.021535427310334202 0.05925368144015762
0 0.5498219799625026 0.4079204868827514 0.019919469526139617 0.03033396552152065
