0 0.8169779492906147 0.5534956737231183 0.3094577742519675 0.2514233183651026
0 0.3695735603887725 0.4787801255928107 0.14391081740596892 0.12201980784724768
0 0.9366861812813011 0.7636668036527064 0.12568860432210752 0.31117393217711387
0 0.4771485472934127 0.4243038322918576 0.10428597550848324 0.04741581444166972
0 0.679396098301436 0.4930290602519016 0.11370525219746525 0.13091447369677114
0 0.6017012888548906 0.43214170394405244 0.05425621151241823 0.05523144674440982
0 0.5860821029151548 0.4211511695839443 0.05312209546517273 0.05463219248304619
0 0.5569728498856551 0.4115458140741462 0.02256184762750409 0.0294423630044141
0 0.3801874393141864 0.4025422783308132 0.06427461089214534 0.03198104962808529
0 0.3219412977541458 0.4186608546640167 0.040234370009390334 0.05052592257949964
0 0.3231908091734592 0.4086236291849951 0.04065480392094235 0.031339971667277616
0 0.5465935046616287 0.40507243315844943 0.017961154292084013 0.021087318338373656
1 0.37741262290873495 0.49119918390686096 0.038120447565860076 0.1486983462396139
4 0.12878168438266557 0.34066471163245354 0.2542927228127555 0.10850439882697947