0 0.8948444856158652 0.6083668310737796 0.20944805254433257 0.28266219123251163
0 0.366976272445766 0.5181584362876497 0.21209916421261754 0.191558569407533
0 0.4557013648119698 0.4663645426432292 0.1502627406272358 0.16450964367401333
0 0.8417835750252325 0.5085191474981672 0.16000578311848426 0.15296185774071358
0 0.7856810874658243 0.4601181492660985 0.08479420123096382 0.09077174689180108
0 0.6057564836004574 0.42521489983313476 0.06412010161679783 0.0589376470094086
0 0.13194746344379976 0.4584217090177862 0.26297711068650104 0.1520271487716123
0 0.2575362635165672 0.4256296614631064 0.19125529653404155 0.08105632823000672
0 0.7605774225217831 0.4395505396152172 0.059032973556955234 0.06727043741026699
0 0.7446316510853178 0.4255418824077468 0.05334133294792518 0.06000793993997434
0 0.6563766616733954 0.4025589242825177 0.02422960956663941 0.024144803790169842
0 0.6399416857241415 0.41624954835177636 0.03226748549928454 0.040752481738376714
0 0.19658795011306726 0.44984664245784456 0.17379483763350878 0.11154601394489247
0 0.7233085975428634 0.4101917494310545 0.027905243493841988 0.038892401045485095
