0 0.8551957386980658 0.5334712501145528 0.288191189457916 0.2113520378940616
0 0.20324078838257933 0.4464270628092925 0.13731366810209908 0.09655797516495601
0 0.7534458163519522 0.4561136642858779 0.13645354900219747 0.13436522721545088
0 0.3522062636942329 0.43620082523349674 0.05809139523073385 0.07286741493501038
0 0.8475033876258432 0.4120505622871227 0.08949889887188267 0.04064383558047715
0 0.952129373371065 0.4663120243672868 0.09511602967855683 0.11987501575100806
0 0.9609110497687551 0.7454376369860398 0.077353651369583 0.24973891510874877
0 0.35758687703217623 0.402537311393611 0.03857983318587745 0.026686234907670456
0 0.1055604992396307 0.4224931375721683 0.03958030694445332 0.026927720533205034
4 0.5289991601802049 0.4538284555325177 0.3384562107937704 0.36220236561048996
1 0.8330244312301973 0.38332120088072 0.018041553013849142 0.01712656627069587
1 0.914377607094491 0.3911922600262326 0.012750608455130825 0.03787243377894367