0 0.6291135100195472 0.4490811076681635 0.044947526733697875 0.04046606994211266
0 0.6795614621528132 0.45145170896050985 0.06745702286577576 0.057638934630452714
0 0.13161558648746519 0.43340193374648706 0.10503078033372407 0.06781966432215299
0 0.5632101388028286 0.44235490517415843 0.020451069268065208 0.019441248501267716
0 0.6003588148539708 0.4488600416733489 0.027303126437295586 0.033150890122876954
0 0.3475622269138389 0.4383548352492287 0.03647576719644317 0.019286065274086633
0 0.4921209502200659 0.41843916220865407 0.013625711860563165 0.014354120368249023
0 0.5138357416684766 0.4175723197989217 0.013019552410184996 0.016304202559872923
0 0.5855942458669767 0.44769214022311066 0.023013298178147998 0.029880408084753788
0 0.5433246802815822 0.4318392875723592 0.014694251296760016 0.021839339479090298
0 0.38067555836937217 0.4285417334891251 0.020180702989255415 0.01606226946251833
0 0.40618451072462053 0.4249711321013181 0.016333192465057746 0.024963170086067327
4 0.24787033218296453 0.4209352196836052 0.06482901772025756 0.07923192595689761
4 0.469583107425069 0.4264188675120662 0.027749037411207073 0.033301091497128545