0 0.690583647808284 0.5033742805846393 0.1578092660849346 0.15136960384782808
0 0.17565995479156418 0.4791200401030211 0.3030679442311347 0.12004493571679496
0 0.627863212579211 0.4600072210019169 0.12794036740469134 0.12505611296622984
0 0.5532613085218853 0.42181369636065796 0.04324438137201043 0.04208561961601906
0 0.4578343139548625 0.41104546600073316 0.0339771186535415 0.03442800452865347
0 0.18527022055300746 0.424733643890709 0.13941098429195625 0.05715518776156219
0 0.3031354702990852 0.42072554930447364 0.053122195277366106 0.0464590003646597
0 0.06106070037367689 0.42620794421183866 0.10782296094169211 0.0352336029619532
0 0.021985170873870443 0.46934178148196937 0.04369145756068039 0.10401312416949231
0 0.2531338782946009 0.422403494050892 0.072734842121065 0.06446350634622434
0 0.5343928613920048 0.40893772457119076 0.033472268579440925 0.032364383820564516