0 0.11822495359138495 0.4757312017685041 0.22509569860537912 0.15602128223706319
0 0.25264717532490866 0.45362927090970184 0.08963318370154717 0.09291895533586877
0 0.023244723957869622 0.5231268799782731 0.0462382381701216 0.152363587917354
0 0.5830620105210037 0.4175170570291499 0.04191952422322159 0.04511348243333028
0 0.3792313258373045 0.4190333003755422 0.05875971272453751 0.050417873050693424
0 0.41486412915458276 0.41528127899617395 0.031165583837451452 0.0351296105109818
0 0.4837311863996704 0.4101249866355083 0.017447121496192763 0.021568798016709433
0 0.46431858814454724 0.41154099629421736 0.024246976888287 0.02227210439195381
0 0.43533993937008125 0.41387034068475836 0.024693885984132257 0.031157671647803642
0 0.44121945148009506 0.4139753623209158 0.017522030547322157 0.028924638108657134
4 0.5168036572385399 0.39770838941646813 0.05516584993675899 0.07469903642014906