0 0.9253264058347813 0.5082624925779341 0.14856905247087082 0.18254806801953508
0 0.6414758490424417 0.43897610512413704 0.08815961886115085 0.08602553262272422
0 0.7793073053742079 0.4183413896159809 0.0929288450850879 0.08032140051281464
0 0.9050638818000051 0.4137050595101723 0.09102063557210752 0.07511082982038123
0 0.23124452155823602 0.4252472222142672 0.06843472072947542 0.06565088773636057
0 0.7299467322286386 0.4073640258431085 0.043818251577831153 0.052141146692479226
0 0.46404001231283215 0.39475006371998717 0.032112077914196645 0.027449293686614126
0 0.705021880829032 0.399006654323604 0.038941128372853635 0.040999993317754155
0 0.9555822763887469 0.4050365608342116 0.08791078706306214 0.045624853229243034
0 0.8316605724668464 0.39605075989067845 0.05249996606385425 0.05957302716237475
0 0.6888145016337259 0.38508343440230175 0.020119093912893498 0.025456284031723484
0 0.7047588507464355 0.3927281772169782 0.040963173692380415 0.029419780593230693
4 0.5315151510917059 0.3886466525050785 0.10313414279691333 0.13418805820617974
