0 0.42164026667422577 0.42747300670992944 0.21039437194973937 0.10013044101867974
0 0.768666102860857 0.47010179745253694 0.12924955403912 0.11352058776079851
0 0.5721026566412638 0.4337303929781051 0.1907072153036846 0.09809724839435179
0 0.8259454759923728 0.4466576599538734 0.10862805545086365 0.11164051999327956
0 0.9616502089668081 0.42915196572580644 0.06221044482701349 0.05390138150659824
0 0.2787610706694284 0.424499153741294 0.07937866610186274 0.07085250899239369
0 0.31645787785702423 0.402211805476005 0.10597749274964227 0.05286581238926564
0 0.6778004506720156 0.4190267076240607 0.1101294803697363 0.05727117245731
0 0.6385936222403925 0.4222873900293255 0.09811937857726902 0.05474095796676442
0 0.9910670582232471 0.42670144596640547 0.01710870825454824 0.04251796688851723
0 0.6767696152918669 0.4104087136008523 0.11128086392643602 0.04106681577620968
