0 0.22332502288693595 0.558297374497877 0.30097991369439264 0.22917185733977885
0 0.8351521776625103 0.5987568218570534 0.32856996275807443 0.26762961409075636
0 0.9286592846899274 0.8134703873888838 0.1415535528349857 0.33548495683269186
0 0.3988469919998531 0.43605317444861924 0.1499056125993331 0.06027511044797776
0 0.6012217910779079 0.44676520234795025 0.06997433628883892 0.07003321792140152
0 0.5772388673471995 0.4289425190825849 0.06670438902161692 0.06606181602440737
0 0.2521862862837285 0.4244476944819923 0.0609819064448334 0.04861327886348363
0 0.46912873736776883 0.4087174938571069 0.027690597371984874 0.027347896572198802
0 0.5405637003414375 0.4174533519577071 0.026517454757128987 0.030840473790322582
0 0.2942560902406033 0.4159999784020268 0.08098454448110436 0.05224606391854533
0 0.28026758601016327 0.42274163358954975 0.05725718987153772 0.04610331993065738
0 0.333258840166343 0.402414301390289 0.061568452799213004 0.031231325509378054
0 0.5263606248482855 0.40973285216390215 0.016401089709602412 0.023010969861162023
4 0.0866721177432543 0.34359726295210163 0.1651676206050695 0.12218963831867058