0 0.8699643251258432 0.7581131712315952 0.25886781432057443 0.45785656702483507
0 0.15457554784156413 0.696178611539093 0.3079890434311144 0.41897254861811156
0 0.34822143654499693 0.4521809836170424 0.17082417722812757 0.06905349328720674
0 0.605287241526344 0.46469242994619836 0.08005237345410875 0.08121580718665995
0 0.5767961753165244 0.4473266303247953 0.07575510918655458 0.07701676145909701
0 0.20670635507229596 0.45060567399040813 0.07184981987891584 0.05900083003039467
0 0.534649777977757 0.42871205617955005 0.03127190877644624 0.03414970688805902
0 0.4575761996227898 0.4215968067694969 0.03044506456651165 0.029408235820274315
0 0.2152924744301123 0.43884337006659335 0.08127114271786207 0.05290954530180841
0 0.26585335782192226 0.4253070491966031 0.08153940046408678 0.0373198657441349
0 0.5180685272591092 0.4199177731749832 0.016841660731168235 0.026641308736940983
0 0.2485841016543272 0.4398826979472141 0.05066499374776421 0.04887585532746823
0 0.30285835422069834 0.4118260656750214 0.04350651314486662 0.022088103979563782
4 0.05493025112522496 0.376047427120563 0.10927277657211752 0.20587191017725134