0 0.9415154445395544 0.524604760073963 0.11623668904589125 0.15867383552320075
0 0.8567394590338818 0.4814609292665185 0.16827018282399836 0.11934374737483198
0 0.6426998459698232 0.41331932388559234 0.045393587425899426 0.03932480798089259
0 0.23930311475926896 0.41086438907090056 0.042491922199190006 0.03311333232145039
0 0.6174202370819066 0.40452465307211477 0.02843494680409342 0.031021103248335166
0 0.5071621487010042 0.36412413775163427 0.015827269409878372 0.01836221495448436
0 0.5361642533409138 0.3629357570077667 0.01752163129854865 0.01939852985818365
0 0.588385793291343 0.3926148176892412 0.02229215508099959 0.02202217646474829
0 0.8571924816265715 0.37438242922547044 0.08211254703150551 0.04071229876893939
0 0.6007165417550338 0.3953924095176182 0.01765318376941946 0.020262568111177298
0 0.602912085619698 0.39892245504280455 0.021292286433846074 0.024920033802617914
0 0.8769057641142426 0.4059893774962961 0.06002994765050082 0.03402799455301503
0 0.5590120129963461 0.36216107887723 0.017434096004957073 0.018809388459952347
4 0.47547015535568277 0.3655913978494624 0.03025347506132461 0.0469208211143695
2 0.28454619787408014 0.41055718475073316 0.04905968928863451 0.07820136852394917