0 0.27897826200221665 0.42421900655051015 0.09120346655732574 0.07364359955400782
0 0.5640418488571903 0.42565616671057854 0.056854821966986914 0.06262559042415078
0 0.33897029349575836 0.4156665522332066 0.04793470605708299 0.04838933413329362
0 0.015055024869989784 0.5196649545798204 0.029808158160035764 0.12746920916575025
0 0.45292312983889516 0.41047625201421983 0.026615719861508586 0.027941512688630255
0 0.363026017745011 0.4098771618258569 0.039196971977527084 0.045842443859588834
0 0.4126998265064455 0.4083852311150186 0.025930384388734157 0.024290948086586633
0 0.4354997636447261 0.4069268011277722 0.02322140660133892 0.02710745504757759
0 0.3847986877890561 0.4098035974586464 0.017514045571852002 0.03719669166781219
4 0.49120025759530866 0.39690013598370294 0.04736098556955233 0.06475275213068182
