0 0.9228746191166701 0.4863735583054588 0.1534410852539861 0.14920637591260386
0 0.8152423150599831 0.45254919326200516 0.12202145443134199 0.09898064726142473
0 0.6880429533789222 0.4137446160190616 0.07185424904499693 0.0575754234634653
0 0.16417537511418515 0.41197347780826155 0.06240200937915219 0.04424455182177114
0 0.201911545735544 0.402150188606389 0.045483393446890334 0.039260849342085166
0 0.579820210292314 0.36399751814229747 0.026506625134147588 0.023590923171355693
0 0.6495922272651778 0.39012972327388046 0.049954605414452166 0.05340471761783663
0 0.4959191535207354 0.36859561923894946 0.023697261233263493 0.023603750696862782
0 0.6205318572573845 0.3887818635733596 0.022377195069756745 0.03995314791055719
0 0.5398156329051257 0.36290425499163764 0.02157730015203393 0.0239512274808315
4 0.455399395497432 0.35697607374144674 0.03605321227578189 0.0551056176686217
1 0.7914423470797348 0.3880990514074719 0.020393377820293337 0.038734353998655914
1 0.6038430089942763 0.3895405669599218 0.01062959934587081 0.04398826979472141
1 0.7202899274724678 0.3930101292107695 0.013104492586748773 0.04250585531792216
