0 0.23252603526205093 0.4296054485839366 0.08691005753574076 0.05616132301785496
0 0.07164087396903986 0.4160596860585441 0.09028320125352138 0.05737465777355205
0 0.550164809893704 0.3975289084694602 0.024508285210547834 0.022139622901774805
0 0.16036296729074573 0.41088215370215514 0.04492425801611687 0.04430582562965848
0 0.41309606843762775 0.4015218188452697 0.024570068958248162 0.030067570631338587
0 0.5290459720988987 0.39558993849470003 0.02026691577128475 0.018555522780730693
0 0.3807396877036169 0.3914956011730205 0.020205007258342702 0.020527859237536656
0 0.4296811120196239 0.4002932551319648 0.017170891251022075 0.016617790811339198
0 0.3082432470064327 0.4039091108365026 0.019873630776331256 0.023023588566486435
0 0.2940400342715147 0.40333321460414373 0.04914073678965658 0.026629137503436585
4 0.5523303352412101 0.3836754643206256 0.07113654946852004 0.03421309872922776