0 0.8135698869008074 0.5435281046907456 0.3184332360230989 0.253163416947321
0 0.9118273057415167 0.726370146780303 0.17527580105273916 0.3996851707600195
0 0.06249714405173078 0.468963086080691 0.12464316905714505 0.12417337039115958
0 0.04857083766409733 0.620689205643252 0.09648558312230489 0.1709983728731366
0 0.5999617869017656 0.4375768309114965 0.05541438229826758 0.05491442787565677
0 0.2774367375346548 0.43613360005040325 0.07657409318626072 0.05619022969742791
0 0.4783319705641864 0.4211518855388563 0.039247751430907606 0.03941665902981427
0 0.026097257412172007 0.49138328872934234 0.05158385329819661 0.09168032350661351
0 0.14972409944698056 0.4462647200329912 0.20336341078127396 0.09536692450589565
0 0.11710567427578268 0.45762659634080216 0.14369064106477253 0.10566879973500122
0 0.575068027000396 0.42095107510176105 0.032030481446110995 0.035095781641388685
0 0.5629599345870809 0.4149560117302053 0.025347506132461162 0.028347996089931573
0 0.2625548892204428 0.44341231091630773 0.047368246906620504 0.06101484102937133
0 0.1999127753718603 0.4209248532531082 0.10034318176918311 0.04611766886035252
1 0.45216680294358136 0.41593352883675466 0.02125919869174162 0.04594330400782014