0 0.8517618748562704 0.5251107313765808 0.25512505669332586 0.20394300831844148
0 0.7388592873648943 0.4558492681031586 0.11748598836429375 0.11482651935178396
0 0.9631094133278822 0.4603895409249374 0.07304495860588717 0.14269545211120785
0 0.8879273009904564 0.41676716883744197 0.1112450313490137 0.05644570627520161
0 0.8106824948177509 0.4038569654537436 0.07268189175247854 0.04599595652530853
0 0.18322528704988694 0.41243429920423996 0.11555363677704032 0.053225579732557426
0 0.4457900264861636 0.4020474043293316 0.03544805094733749 0.03802669223103006
0 0.46998150779493303 0.4099083207802572 0.03896463414439391 0.0485687703331195
0 0.7199354444676896 0.41384401442601415 0.08745758979903413 0.07207273481411901
0 0.675472381167595 0.41565406776942815 0.02711428176742641 0.059424496349584556
4 0.5655957500367309 0.4056873638492409 0.16902940427292007 0.2213304506602059
1 0.8826743100182696 0.37762240860119595 0.015318476754139412 0.022575758769015762