0 0.05335179178420384 0.40736362311847046 0.08555276688258373 0.056186441102685114
0 0.5215979363230147 0.39426924033365407 0.02669881351249489 0.023651689844513685
0 0.010203207199532579 0.4150297401704164 0.02033769024363913 0.06041719766655975
0 0.3771829924813471 0.3993200785020696 0.0266472605146157 0.02638428092352456
0 0.34693741505982345 0.4015309771018527 0.043655832186158525 0.040598611095201
0 0.2683164233178851 0.39781317240098824 0.03966409304253117 0.025426512239965175
0 0.39152001593801106 0.38667749309819466 0.018783606765510018 0.01711102408281403
0 0.4627964022894522 0.39051808406647115 0.04578904333605887 0.022482893450635387
4 0.49550286181520853 0.37732160312805474 0.07358953393295176 0.03519061583577713
1 0.21831561733442356 0.3949169110459433 0.008176614881439084 0.02932551319648094
1 0.23221586263287 0.39540566959921797 0.008176614881439084 0.028347996089931573