0 0.7668187039266915 0.4291817226018374 0.10849695213486305 0.08289167864697886
0 0.04102528717243954 0.4339465666143542 0.08180662444986872 0.06024080427510997
0 0.14880213889545432 0.41742854710315097 0.06261351141691793 0.04253986317624328
0 0.6905069670907221 0.40890796769515975 0.06976148678646259 0.06001560662382392
0 0.6159031666017222 0.3875546422755147 0.03893164621448283 0.03677779838136914
0 0.6549790164825864 0.4015663870385432 0.04497692142464738 0.04704524811178824
0 0.26500267097429475 0.38662038077823346 0.03447198750830437 0.028821689758599094
0 0.494315321291458 0.35658256702292584 0.01872831081037919 0.019127988395802785
0 0.529576748390229 0.35348252700104627 0.019799644987990597 0.018289754351096654
0 0.6011654720477949 0.3720617061253284 0.03259791376545891 0.035276261942127934
0 0.5618364235853818 0.3535683222646704 0.01949367070919358 0.017640621897528713
0 0.28120862784584527 0.3805884457287085 0.02667635576898508 0.026999137035679376
4 0.45854684825033215 0.34952466858447123 0.03494434871346075 0.05118573469383859
1 0.57113654946852 0.3675464320625611 0.008994276369582993 0.02541544477028348