0 0.15939279277112187 0.46788983983611315 0.1811572220709513 0.13495964878115835
0 0.04444366996880934 0.6659424782731549 0.08810150036047641 0.37313696599309626
0 0.052272751482655935 0.4995491721413352 0.10423591641598029 0.1442346358462396
0 0.26657534932271437 0.45172772449482224 0.07715529958829466 0.0862058041032808
0 0.5714262294067483 0.4205201000761776 0.03925259232228639 0.0430134673505468
0 0.3768075114863872 0.4221713456706684 0.05540218025762725 0.04890855060178397
0 0.41055336528787434 0.4171628979993356 0.02762589411762827 0.03370939461716459
0 0.4560785426142171 0.41519648308628115 0.02232419479507359 0.021620108118737782
0 0.4741314243120145 0.4151065263347309 0.015249805965096076 0.02182388678557246
0 0.41918217931140767 0.4156841975386425 0.03489811071487888 0.03275672711235337
0 0.4358135731807032 0.41670859477620203 0.011447260834014717 0.02989812796882637
4 0.5065247230810507 0.40032520461991383 0.05559199809638185 0.07715917682368036