0 0.8957214604999233 0.7036563280390854 0.20750765359898815 0.384349595533205
0 0.8441320561231986 0.4358365980877322 0.15966163067572056 0.11208071293835532
0 0.5023389739865469 0.38412442771337363 0.036876762683335035 0.038576903580920086
0 0.9495279681750818 0.45194031835651116 0.10025755538378986 0.15438174548852945
0 0.23183542845781377 0.381488714283396 0.040739694191409444 0.02802017823458883
0 0.5698881983659546 0.3770724657343979 0.03593338773763287 0.034692341048463464
0 0.6381847914963206 0.3787878787878788 0.04006541291905151 0.03616813294232649
0 0.25853603858978946 0.37520121316173327 0.05692628749744481 0.023791122063630255
0 0.5113456021150603 0.3736234424400889 0.02831023146846893 0.03096078404699719
0 0.6074536901366389 0.3675935806766633 0.02466743575288737 0.03137484463778409
0 0.6256724846528772 0.3754789738361437 0.03238356708018193 0.03692084020650049
4 0.44998470877197466 0.36262228808211905 0.05565158597582788 0.07386551574528043
1 0.8332771557038277 0.4604343477698482 0.038948015414196645 0.1399885459146658
1 0.29681112019623873 0.3782991202346041 0.008176614881439084 0.02541544477028348
3 0.5298446443172526 0.36901270772238515 0.011447260834014717 0.028347996089931573