0 0.1278464144989787 0.4904332463925419 0.153374969033267 0.14315646741164162
0 0.9450736993273456 0.6518437449883157 0.108944709634352 0.3605051944915384
0 0.3534919445571213 0.4279569474832753 0.07454234113092804 0.06014767047363759
0 0.4899908332481603 0.40458919342428823 0.03559991519956051 0.03533452277309384
0 0.4571523471436146 0.40397347219994806 0.030950812950352617 0.0313333490843414
0 0.39757452377606295 0.4165197318367012 0.05538468817073794 0.05330048651522788
0 0.5866412009163557 0.4001501834753788 0.027709112533856297 0.028291256663153713
0 0.42502376278793824 0.41352004482832355 0.02077233976549724 0.03974295548096896
4 0.5380136734719951 0.38886686830343503 0.05916727086314391 0.08857642031135447
4 0.0329443651783788 0.466878643017244 0.0653316653466868 0.3184797150881293
