0 0.9005073803132027 0.446351305830164 0.19810789019381134 0.1315318654825727
0 0.8832846366277213 0.7139373659971057 0.23246194959564084 0.46079427918614063
0 0.5015238327562858 0.38687263555890306 0.03865307038276779 0.036697372779585166
0 0.6444832902410824 0.3787540051711037 0.04553661829900858 0.040778017463572215
0 0.22229421869809765 0.3832779452714519 0.044995212009083706 0.02903778881621151
0 0.5718532758761115 0.37746030447653195 0.038740555770262676 0.036734363783373046
0 0.2511300861299379 0.37660202369428913 0.05865560860684536 0.024899569424715908
0 0.5114867365564953 0.37331145017144735 0.030334821998926818 0.03358317773246579
0 0.555814329757129 0.3689647536590069 0.02655613198206255 0.02434201953697764
0 0.6124284546197875 0.3670576735092864 0.029435813573180702 0.03421309872922776
1 0.9136866072797425 0.44712397033751067 0.048309700467600164 0.10502351553908541
1 0.2902698282910875 0.3782991202346041 0.008176614881439084 0.02346041055718475
1 0.14840556009811937 0.3939393939393939 0.013900245298446443 0.043010752688172046
4 0.44752679608049495 0.363006368060965 0.05814866247668387 0.07731331594994807
3 0.5302534750613246 0.3680351906158358 0.01062959934587081 0.03225806451612903