0 0.8589756514142989 0.6582390420714198 0.28101084998466885 0.41800872414925466
0 0.33772648384799164 0.5003401829933025 0.17078425235077677 0.15573024656532564
0 0.737231400397013 0.5237582179691318 0.18360996948142375 0.17233136159350562
0 0.4537328812107139 0.4260246000914513 0.1262601788474806 0.05417502544026454
0 0.6075639077511754 0.43508580003665687 0.06057661903362633 0.06179442643420088
0 0.5876100778774658 0.4218637982887723 0.05949550326106398 0.060975940812484725
0 0.5554504644061733 0.4112113587201399 0.025242603517221997 0.030278449184384163
0 0.4871970899555397 0.4026597695150217 0.028108211589074 0.025663195001298263
0 0.5427419018375026 0.40239862496086115 0.017874916557006338 0.023062846760829057
1 0.23306714211539567 0.5422550921099859 0.07638855479529717 0.2287320223721591
4 0.1054783319705642 0.33186705767350927 0.20932134096484056 0.12609970674486803
