0 0.8605883918818351 0.6016901040473408 0.27742364966079824 0.31011422941295513
0 0.5051854181172706 0.3987484929149102 0.045389545032067664 0.04810966424578446
0 0.6751414039343571 0.3926478560252856 0.051727669217600164 0.04752183543155853
0 0.19792123515393437 0.3979440579083425 0.03873148533718954 0.030881641197763928
0 0.6509228485681342 0.38833237813015486 0.03404010014756235 0.043436537040643326
0 0.5866867152765357 0.3903187801178366 0.04374294327792825 0.044035164841458946
0 0.5162638978498058 0.38514752728265517 0.0343532609042825 0.03824923488285068
0 0.5628614698583146 0.3808190428732893 0.026224356251277597 0.03235638899071359
0 0.631046972017452 0.3799533788060163 0.030517378500613247 0.03558412255429802
1 0.4435904152746193 0.37484395166063356 0.06538342454836979 0.08442957962945992
1 0.08876325493451521 0.41007000726455584 0.01658780713210024 0.04847211641999633
1 0.27912877878982906 0.38939998622980054 0.00988687186190464 0.02944122940913673
4 0.44347059073647027 0.3747538755832646 0.06597690785018909 0.08475876973171738
4 0.6305107559615827 0.3601910096109787 0.04548626304744992 0.07497605130819282