0 0.28391423697171403 0.5241969491729289 0.22942611182798447 0.18425505368707235
0 0.7713413441268908 0.5535609896931131 0.24608137328802127 0.20657438127176503
0 0.8803215369959884 0.7140762463343109 0.2381573830680192 0.48191593352883677
0 0.4262293069360691 0.43188889728147145 0.138414758789861 0.0572356730262555
0 0.5998973082248441 0.44169591342482284 0.0655231616190975 0.06426232301594574
0 0.5797219950940311 0.4291300097751711 0.06214227309893704 0.06256109481915934
0 0.5454979909801717 0.4155717180388181 0.02686235579134301 0.03130855914551259
0 0.4758012074480657 0.40692797947023157 0.02605801923101492 0.027416359760661046
0 0.5314799672935405 0.4056695992179863 0.019623875715453803 0.02346041055718475
1 0.0823954600149359 0.6174877983384118 0.08464703750922264 0.3260312793541514
4 0.09607522485690924 0.34408602150537637 0.19051512673753065 0.12316715542521994
