0 0.8553449828802125 0.5363842170842116 0.287983729813982 0.21076844514639845
0 0.2613398629139411 0.47472388303874175 0.15255091020735384 0.11781715251366996
0 0.7515458912510221 0.45843432772311066 0.13968576726032297 0.1343303542449444
0 0.3277361316946034 0.4256583444067693 0.07322002919307032 0.0626577487322825
0 0.9608389354590403 0.7489956345842498 0.07749448637443786 0.2459040219483138
0 0.8468172536555217 0.41619932709784335 0.0898121594407962 0.039620348202284945
0 0.9519774093066486 0.4697660742617073 0.095156852865648 0.1208221346052511
4 0.5297001412142912 0.4568002053835991 0.33658752690936733 0.3642357968864553
1 0.8902662749770033 0.3952702497107542 0.010651957277187244 0.03880902212968903
1 0.8174393062014513 0.38951668688046037 0.010702562059229355 0.016845613630635997
1 0.831826834627964 0.39033888651828264 0.016567626354251838 0.012926685262402248