0 0.8614191287673114 0.6499651091306208 0.2761346749955284 0.36051933460105084
0 0.7064674608257103 0.4950186989524148 0.16651897789119993 0.15307685799845736
0 0.38509146190527904 0.4500834147135417 0.10597799181060916 0.10654047484038978
0 0.6299560247438419 0.45074847716390215 0.0996132676755417 0.10728494862307551
0 0.4497836371084168 0.42412830401259316 0.051899645626788636 0.05700811869005071
0 0.43910954647734823 0.43919582870349155 0.03310186552981909 0.06732034543392595
0 0.0801054673027232 0.40172092888944894 0.11183675546092472 0.0848246674150782
0 0.15367459588039145 0.3989356256300403 0.11152774938675389 0.05689144787084555
0 0.47318288408530507 0.40364632555233537 0.02925640115558565 0.029358118976432673
0 0.5848902954201375 0.43480331107668163 0.03563559805869276 0.06914898377359788
0 0.5694290622764206 0.41998279083043133 0.030294797309382667 0.04779500206195015
0 0.5568321396460421 0.40935488763326305 0.0313045473636805 0.03812370412160924
0 0.5606342106692048 0.41247603340932004 0.032103993126533115 0.040740280673417645
