0 0.8507677454102361 0.6198523289297333 0.29737056754011654 0.35769766679840237
0 0.720999167965556 0.5135339791007988 0.16253547325352616 0.160298158229854
0 0.35849363337943324 0.49213548885878694 0.14199956362109056 0.14447609164031952
0 0.46263057680668057 0.4242103852601112 0.12036419772555959 0.05201448233596041
0 0.6075401524491517 0.433034648876619 0.05853416212055396 0.05987172951796188
0 0.5882182335717114 0.4209737022601265 0.05681364943721893 0.05767440423005254
0 0.5574365773360844 0.4108034284932872 0.02362844072593009 0.02901243207974401
0 0.4899753873112352 0.40142237569113515 0.024806573950454824 0.022812173047256842
0 0.5453488466102182 0.40133586447259895 0.01773507967408524 0.021950282658999266
1 0.28498226487041983 0.5261694646184628 0.048364921563585954 0.20129060418957723
4 0.11529026982829109 0.33724340175953077 0.23058053965658218 0.13098729227761485
