0 0.9131996485413046 0.6944720285961938 0.17231671886178965 0.35319308731213345
0 0.6295347673816946 0.4385121812568732 0.06905975716092601 0.0675233186514846
0 0.08163193513990326 0.45052412970907413 0.1626183996411103 0.14073236340534886
0 0.21965809133534342 0.43050209261688205 0.11500316005404232 0.07311173454873839
0 0.48248058952275397 0.4147378990494028 0.04918031232433054 0.0463795293694251
0 0.02840090755644336 0.46113046476451763 0.05623856311144638 0.14227226309529264
0 0.10553523739731321 0.4303675378406036 0.14305048620515637 0.10285277007728495
0 0.19573817405170432 0.4416758816030135 0.07143134478165883 0.08224976540544049
0 0.5574070578798932 0.4020122479600058 0.018464706807670688 0.020999942007652126
0 0.5745636260811656 0.4084763662090283 0.029273568852846484 0.031312735549166054
0 0.5898860953230401 0.41410650139563476 0.03650436338984567 0.0371714244257087
1 0.4447932520170048 0.40851241752199413 0.015350167125536591 0.04743165494409824