0 0.08261718965902352 0.5028152987870769 0.16462710331622832 0.21199034152958515
0 0.2033730333005417 0.46458406718711814 0.1273600094063011 0.11533669688951002
0 0.5959084386817763 0.4251187232232863 0.045008112735077675 0.049343970514112906
0 0.41327471978724833 0.4177607800137845 0.034832084948960035 0.03804879733893878
0 0.46717681011408935 0.41451558013349216 0.02394564387648201 0.023363756644061585
0 0.37335378501810995 0.42182491298761304 0.06516006981264054 0.05592920446908602
0 0.5665870847413507 0.41768405351237936 0.016765004966654742 0.013926367139769672
0 0.4883429089824586 0.4131720758253528 0.018665129691971587 0.022344445669522848
0 0.4268192968111202 0.4144672531769306 0.03107113654946852 0.039100684261974585
0 0.4460974480417646 0.41625120399751037 0.012391134840683769 0.030938380624541788
4 0.5281630833423829 0.40193103182467316 0.05402429788110691 0.07243817013379765