0 0.8679522111195574 0.6378230507888869 0.2627948252567968 0.34691440138532503
0 0.09893794606332397 0.6911142895531678 0.19717625275753797 0.39531480298830035
0 0.18911953939342732 0.5287965418423143 0.32935196789969995 0.3231326463984604
0 0.7363067152845206 0.489391099439455 0.14882716680294358 0.13411768580461877
0 0.6725684452134864 0.45130098553580156 0.08198353977156582 0.09004755849828934
0 0.47399977202895033 0.4307905329520635 0.0737110053722915 0.07234739301724401
0 0.6418000639995783 0.43261781396054805 0.06557177015727207 0.07356735035587732
0 0.024278418204380856 0.4439702336972294 0.04827084138270586 0.10983959507499388
0 0.5137362289116798 0.4171610633648735 0.03548747676372138 0.04448830463786046
0 0.530608407220973 0.40197786720850137 0.023861402385271874 0.02521193458654081
0 0.6118888699023917 0.4184789573691807 0.02672132116210139 0.044762515369165444
0 0.5077677841373671 0.42424242424242425 0.019623875715453803 0.04887585532746823
1 0.7682379085512699 0.41670441837254857 0.008450150197388593 0.020160186558757943