0 0.8975035074004752 0.547545089050472 0.20461509623492435 0.200164973910603
0 0.46023280096171043 0.4896498127300602 0.1620678032214585 0.1494085436808865
0 0.0718423967491089 0.44347728382457385 0.14320778941776746 0.1376869298612384
0 0.2126595535340703 0.43986975109588833 0.2555476240905113 0.11780501111162023
0 0.6618233132537816 0.42251712206172104 0.059542464898047834 0.05477568177999756
0 0.849472158187155 0.4759682275915659 0.12113641971266864 0.09922186440386731
0 0.5280925909808105 0.45273414828094455 0.12467311506669052 0.1376860050861437
0 0.35201446208813497 0.42317020718303244 0.14894741554291446 0.0768076727933315
0 0.8193461682498211 0.44556424764594027 0.07903498776701758 0.07556259736986803
0 0.7152768351070625 0.40249165435224216 0.024405279026982828 0.023164184212335043
0 0.6977295021687193 0.413919428343414 0.030016520914247752 0.038785902752321605
0 0.7943579361074202 0.4252426281702483 0.04911298899989779 0.055339645430489366
0 0.6881832144636651 0.41855850294305197 0.02019939282246525 0.03359794430252627
0 0.3017534956226364 0.42708190142350927 0.14955340032195422 0.07689457182077834
0 0.7344546750833632 0.39614505711888287 0.01495131760080233 0.012941750147009408
