0 0.1365305468476608 0.6694147551863774 0.27184940271463337 0.43583835814355754
0 0.8675871230692329 0.5923340500042003 0.26424824051065515 0.2841404889685667
0 0.2592210371964112 0.5053458265078965 0.2703105087467421 0.27471422659686584
0 0.7435590942083375 0.4783757602247907 0.13469870092434075 0.12384674579400354
0 0.06838037994730599 0.4196501402794324 0.13614511541041407 0.09095849179802053
0 0.4993129926729865 0.4237887474798387 0.07228828236789657 0.07024197844116568
0 0.6878969530930601 0.444041978345705 0.07744068760220768 0.08534940270268206
0 0.9577076273284189 0.8364977347186584 0.08371997249974449 0.29423264907135877
0 0.6605173954686862 0.42544651124717436 0.062025343114395955 0.06928277784778226
0 0.5380846149884377 0.4118672629139174 0.0329403694009352 0.04289876540734971
0 0.5539939549743204 0.3962846384952728 0.02064884712924162 0.02378548391869807
0 0.6322584924206612 0.41388281023280943 0.025038886830539658 0.047530486553412146
1 0.7833047338128577 0.41363400098515396 0.00701120771156991 0.020332463209463587