0 0.8441939646361406 0.5220599281706302 0.27405813221841785 0.20284485280921616
0 0.9487518784654794 0.7264637578850501 0.10161210666010834 0.24852214973576492
0 0.948267190454441 0.455678289120731 0.10255353526803966 0.10958748945159763
0 0.7468532958385502 0.4486553829786015 0.13730280104954518 0.13135809725913367
0 0.843264039383496 0.40654615176621306 0.08843375305026063 0.03753688957684201
0 0.11114247000714549 0.507691414125504 0.2212887317648893 0.23759303834081744
0 0.31157194622598117 0.42026853141896536 0.08542815837719747 0.06792839997441655
0 0.030578768598136605 0.41176309147421797 0.06092779703883002 0.053678838854777616
0 0.37684096104769266 0.4091632503684781 0.014774799736815208 0.03773583554802053
0 0.6987349353456536 0.39083107568884407 0.022249684992717702 0.023437678988728006
4 0.5298446443172526 0.4423264907135875 0.3221586263286999 0.3587487781036168
1 0.22893443696340965 0.4132508756128574 0.015111166828495504 0.04527340886180352
1 0.796540828776574 0.38305195708661716 0.012239570025040883 0.02337771776484604