0 0.8552982957267605 0.5367619280474859 0.2879120147530407 0.2114340743943976
0 0.21863650105960625 0.49006861652213923 0.18104312425739727 0.136922230352288
0 0.7523648502976799 0.45841179005910926 0.13829119129446035 0.13452864392412023
0 0.3140090106455693 0.4281066715542522 0.0798162677106756 0.06530344078384653
0 0.9609405941779947 0.749227454818472 0.07729755691690515 0.24684771018527005
0 0.8466264127417851 0.41627949913226264 0.09019104652685507 0.03953124164719269
0 0.9518715085694757 0.4730050095365194 0.0954061837247036 0.12693433118355937
0 0.3686593181270122 0.4406904144137952 0.02076844708995554 0.05136206842237903
4 0.5276056821484695 0.4555494619837488 0.34057522365916293 0.3656443785129521
1 0.884200139018423 0.39547435652359025 0.011545376220104252 0.03562260513081928
1 0.814543954095973 0.3896106857941181 0.01215283322899632 0.017373809366981303
1 0.8320228158696596 0.39086356214297713 0.0167673505531991 0.011732770783693792