0 0.8869967269585548 0.522988626101616 0.2247241590223835 0.19217083018313172
0 0.577089722977246 0.4259974683834311 0.0672936303052177 0.07101986345307917
0 0.8352074237115443 0.41945067225779725 0.09529499294128169 0.07280280000420027
0 0.24797020675896234 0.4159231922377123 0.04476414678141609 0.04528423767984787
0 0.7890407409418438 0.41063137557849155 0.0641921161143193 0.06320372401560972
0 0.6917093546782375 0.4140959261449551 0.0695666533849908 0.0620758862089901
0 0.6410169874364396 0.3989915446918148 0.027515077629931523 0.033531300832798754
0 0.6570346985112812 0.40554666379330095 0.029980838055115495 0.04313837165124022
0 0.21272632165317737 0.4066290981259164 0.046526780210356194 0.0374439645955523
0 0.4333917925032259 0.3964797809559812 0.030925585418476596 0.02414736929527126
0 0.7413808927122726 0.3965821923398552 0.04018992863028925 0.04944420420179619
0 0.6224960614108493 0.3876337702090206 0.01621838348962592 0.019152688840267596
4 0.4915370987949075 0.389078075002482 0.08958398876673651 0.11269115399521933
