0 0.77231972819942 0.4649336321729136 0.11277335565400143 0.09202508562820748
0 0.6769205313282528 0.4496574961195244 0.07650050664669358 0.05644203700627749
0 0.02848798012207106 0.4299458851446038 0.056437777966041595 0.08373674409480389
0 0.32153446325394136 0.42252956177831746 0.02570406024025194 0.02147297938431696
0 0.5700386652474704 0.42941299095414837 0.025122729072976288 0.021956129624114126
0 0.6370247991379421 0.4454763343490347 0.03954544129765433 0.04554475577346041
0 0.49074850760808464 0.3987813671779539 0.01378705827115699 0.01607479867347874
0 0.37050359793013465 0.408590068798494 0.018198632453176104 0.017057924093505622
0 0.6031224647702882 0.44003218336655364 0.02942124099294767 0.03744784268465909
0 0.5136761918773636 0.3983442617884363 0.012794475914119991 0.017176444462900172
0 0.3399837865073079 0.42104717713297285 0.021538273584423548 0.018064974340175954
0 0.6183718714866108 0.4429296976426946 0.031095889973426 0.038756996072748656
0 0.5470321792515204 0.415853073403516 0.016649622071111 0.02162911721804741
4 0.18450356933394127 0.4055194127594621 0.10648866842149811 0.10133634774216459
4 0.46443172526574 0.4051808406647116 0.027800490596892886 0.04007820136852395
1 0.2297274198867411 0.4310494103156693 0.01728762161117641 0.05231956862284641
2 0.39247751430907607 0.4115347018572825 0.02125919869174162 0.02932551319648094