0 0.11969603150961151 0.7406693026933269 0.23855697806507276 0.4957010785622098
0 0.8172481908041829 0.5816785974586465 0.3124646165774479 0.2643715717692296
0 0.9010237087895416 0.7924240276377689 0.19675563459794052 0.39489853486986803
0 0.27858720406682785 0.5129304887728724 0.21180278438090888 0.18475076296928458
0 0.6692390847381566 0.4929380743151653 0.15523635727016047 0.14276591400713282
0 0.3414263347086123 0.46096935999358507 0.1140377016605555 0.10414650060331133
0 0.42942030275832993 0.41347511865759407 0.04776612326246934 0.042621034564393936
0 0.6132344131282579 0.46305208774838863 0.09901065155802842 0.10277303059895833
0 0.5528714420945549 0.4202627292010325 0.05211389249987224 0.05616725947733382
0 0.5878097771233647 0.4378839755687546 0.07644536040985282 0.07752857972682979
0 0.464819246106526 0.3936180942568961 0.018952938151574 0.019078319023781157
0 0.5254602689579287 0.4087544550294401 0.03410228314403618 0.04102633449222568
0 0.5615686025175031 0.4326614275472721 0.032999308501124286 0.07197017427297166
1 0.5110384300899428 0.4095796676441838 0.016353229762878167 0.039100684261974585