0 0.9154841749763645 0.48573634351803063 0.1682916424455744 0.13830957198306146
0 0.7210587807980504 0.4258706101224569 0.08957919778145441 0.07172886763616508
0 0.11757135898094145 0.41972212357954547 0.07496915054633202 0.04879614568059629
0 0.16130332291759825 0.4079342540990805 0.05000030692249464 0.04307399537206745
0 0.6668775531959066 0.39629962880124325 0.06020392030355683 0.06282802667552541
0 0.5831937127101645 0.3671217216424578 0.026828918706561733 0.024533865621945258
0 0.49245868972940515 0.37211413490690676 0.02407689691077269 0.024775679393481184
0 0.6328498048072746 0.39278250029592804 0.024430481605810506 0.0463583192051564
0 0.5689869940719542 0.3599765811148277 0.019834679067865905 0.02396098236650782
0 0.5378442921798344 0.36490813821175466 0.025816124380365905 0.024753604117027126
4 0.4509906410098758 0.3575015697311446 0.041167189815642886 0.05806534544347202
1 0.8408016476198386 0.41296058572748656 0.026332452856704824 0.08583189665047654
1 0.613050159819284 0.39465073989167127 0.012690671233007973 0.04940819763601234
1 0.7464814954182211 0.38653913481144614 0.015508070015458912 0.024636127848545943
