0 0.869447472635489 0.7407342010229564 0.2601480554189238 0.4978415749289773
0 0.16607855658792417 0.5810201277597675 0.33215711317584834 0.2865220831519581
0 0.7297438389925516 0.5289767834914162 0.2387331497055141 0.20046606278256354
0 0.6336527939029921 0.4778637480526026 0.12976398608378475 0.12817000969880255
0 0.2751777879741478 0.4833009333904188 0.1782831174861381 0.1408455439443579
0 0.4169997357971241 0.41254546612005893 0.05374963967798191 0.047142856631460776
0 0.601310174775143 0.4458298818340283 0.08477718325199304 0.09569957505689455
0 0.5532029433418081 0.42031005680386274 0.06077614360818684 0.06306539556031586
0 0.4580082117487735 0.38978244039436705 0.0204229721356296 0.021193577979899805
0 0.564568308271157 0.43846903005769644 0.037056075288736716 0.07979696353975746
0 0.5174237654429426 0.40528985971579456 0.04164294463537408 0.04481576451574719
0 0.5211451882138568 0.4000354367849997 0.03606718598285466 0.03674062838885325
0 0.5015979932159649 0.3935297633196252 0.024497405681469745 0.028528565885034825
1 0.4991823385118561 0.40762463343108507 0.01553556827473426 0.044965786901270774