4 0.18242792486657106 0.38315151956657045 0.22153809142717062 0.1888438772013227
0 0.3329043072554681 0.43373844747086543 0.11165266434676513 0.08625117774583028
0 0.4406415139273942 0.3982976650562454 0.045465102862454004 0.04413602498969025
0 0.47684586681699714 0.3852984595275461 0.03025816623441333 0.030927372817769427
0 0.5874505280863527 0.3766188337189944 0.030222682999667825 0.01933943374648705
0 0.5401554435174775 0.3785059566255422 0.027812368247904742 0.02394174107824719
0 0.3432743200394138 0.3848673353446893 0.040544910696034345 0.01977870191646811
0 0.36809579095973016 0.3821361612597752 0.03328876386191742 0.03554131441684995
0 0.415184476389226 0.37793778673994227 0.02661504612920329 0.026584211332707112
0 0.400172073726077 0.3712676822964397 0.020117172528170992 0.022729808400919475
0 0.5091566708082073 0.3734398745837915 0.024036972033421915 0.019607021894855817
