0 0.8341834254666419 0.5701551987395375 0.2898343975974806 0.25180712986085657
0 0.8980745579118331 0.734496085874496 0.20246249656646054 0.4521554180603922
0 0.6876786388730964 0.48377252394153225 0.15463848223183257 0.1510609974492913
0 0.4010739642289069 0.4519863632067907 0.10458925485805907 0.09256038125076368
0 0.4782875541381337 0.41486806860184505 0.08801708704900858 0.04027079323985826
0 0.5868708438202678 0.4205244256371044 0.04740679936631235 0.04687025679870784
0 0.6222781963457559 0.451152081829828 0.057704173826528 0.08163881721384714
0 0.5746243867538839 0.41172902395298755 0.04559880129548242 0.04751249818624756
0 0.34513526847883025 0.4125106378967345 0.03482227840096075 0.04218734487643573
0 0.5493283338071085 0.4019632945428962 0.023304749782808668 0.027495920250259653
1 0.4738225305265612 0.45120148271875765 0.028545738338741824 0.0986673871559598
4 0.15739983646770236 0.3460410557184751 0.27555192150449714 0.09579667644183773
