0 0.9060925961710445 0.5149281073875092 0.18661726096177433 0.13919672961342253
0 0.7875543128050261 0.4768981635279203 0.11526736292991108 0.0896860012677175
0 0.7235047035498007 0.46350140911859267 0.07476452307338512 0.06839812605961328
0 0.6070964123904461 0.4235373279798998 0.03420778463243561 0.029580214156433284
0 0.2890919071674737 0.4180589901503696 0.02981008434529589 0.026839479090298143
0 0.6864198324432748 0.4531052814084647 0.066952522134352 0.0622477452193304
0 0.32232080866641327 0.4141143918153944 0.02071589597014258 0.020825785975302418
0 0.5304516022651778 0.3823240546769993 0.015488856168233851 0.016583037166651392
0 0.5881573481337515 0.41541632599145434 0.027800241066409444 0.027432856555092252
0 0.5030833982778005 0.3813674792516267 0.014839577850316844 0.0179097612815402
0 0.571921747040768 0.40811539069182245 0.02049867968430601 0.0196320206538673
1 0.030228500179063075 0.45946885273952986 0.030509986160041268 0.10078303392098913
4 0.04560349938914314 0.42238335781899133 0.09040663949992943 0.14968910851203568
4 0.473426001635323 0.38758553274682306 0.029435813573180702 0.04398826979472141
2 0.3687653311529027 0.4095796676441838 0.032706459525756335 0.04105571847507331