0 0.7559480082277187 0.5196485472797532 0.2331513025091987 0.20283444163153713
0 0.887269438823909 0.7165683063943366 0.22465384133214944 0.45434343593444526
0 0.47881595988987125 0.4200052539157961 0.09963342973860384 0.0452177433673937
0 0.6527481391014667 0.47627458171527526 0.08446676733059076 0.11350770057238209
0 0.5964345238000179 0.427449708343834 0.05208165316141149 0.05094893260668683
0 0.5805873668106092 0.41727387101069924 0.04953090265356705 0.05231879300502505
0 0.36963706589680856 0.4658832568693487 0.0974068692348477 0.10569618501038612
0 0.3309279135378871 0.41584603318021446 0.03840326541579364 0.0486847550288673
0 0.55324179523808 0.40712037743711055 0.02331378278630928 0.029632628022284335
1 0.4284196480901536 0.47286618886222354 0.04416876704792263 0.12327159534801137
4 0.1357318070318888 0.34359726295210163 0.26655764513491415 0.1104594330400782
