0 0.78730770182824 0.44198800811320105 0.12671377536028208 0.0931153954648552
0 0.701463351557709 0.40134891573401604 0.07716924834231909 0.07512965346827652
0 0.04457579639634439 0.43038409429794416 0.0864377932185924 0.059450688366782745
0 0.5917398323314851 0.36798223978380074 0.02869989827141251 0.026754996410679376
0 0.4926511276382359 0.37360361943846226 0.02532734406939902 0.027754648456592132
0 0.6573857629484362 0.3960458078692036 0.03934526794383688 0.05615356683964137
0 0.5436657385463511 0.36622409317150845 0.02600686548190924 0.02668083541437561
0 0.5748992196283473 0.3587487781036168 0.021092811765382257 0.02346041055718475
1 0.9387535912427177 0.4237869426768313 0.034896838109413325 0.10746587639563478
1 0.7919132111019905 0.38499643096476355 0.01566996539311631 0.02281843765273705
1 0.6341514805741517 0.4007637568349829 0.012881861489421505 0.05562707149621212
4 0.45021417700454824 0.35739249101715237 0.042861152455539654 0.0612874110306696
