0 0.8701555902414018 0.5543992088220919 0.25968881951719647 0.23168897582172532
0 0.17415656469372434 0.5981307789493983 0.34826024814538553 0.3196548357503971
0 0.9233320583989166 0.7356301882865958 0.15241162229149632 0.3583336435804619
0 0.33188315365807697 0.4890560027091734 0.219903579424954 0.23231108097736436
0 0.7520648397974371 0.46992804414482525 0.11304185045418541 0.11205804103280792
0 0.11323192029679689 0.41911054892740407 0.2258644085727748 0.07613219916529203
0 0.5305021571411233 0.4247050653571374 0.06790792444935609 0.06594436958738087
0 0.7088005209397997 0.44172198611620234 0.07239218686120197 0.08118737781036169
0 0.684825831715045 0.42510840153997126 0.060343258125511036 0.06651054076551809
0 0.5672978723234362 0.4135511739512692 0.033102214872495914 0.04392953166048082
0 0.02850469475336379 0.4788939624238224 0.05650674353733671 0.09331717542422716
0 0.5605812603006184 0.41935483870967744 0.020292916847659444 0.044965786901270774
0 0.5815330623898073 0.398264447731473 0.022543033029052535 0.02429038128894795
0 0.5971267463141353 0.39007927828403743 0.015218265311988962 0.01327019446290017
0 0.6581875043917365 0.4084878065718933 0.02982568000051104 0.03974164289696359