0 0.8722206296632257 0.7291911433752215 0.254406708337592 0.524079443072993
0 0.781803807954952 0.5444247487236911 0.22909942651906173 0.21752252513479045
0 0.6697149643231296 0.4753655576286428 0.13784173698768398 0.13833116995624084
0 0.40308925974885657 0.4469321540839977 0.09822475530042672 0.08706408488552358
0 0.6098871862703138 0.4470076276643069 0.04830371173599755 0.07684370919057001
0 0.4710292862949075 0.4133796132554756 0.08573952251443684 0.0407764662279295
0 0.5816657377478537 0.4190140292558269 0.04409253548523099 0.044769287109375
0 0.34630324581267885 0.4097669346008599 0.03339825783805192 0.04009362423058712
0 0.5697256542090403 0.4096035029764632 0.04436741826579109 0.0479562112429741
0 0.5475483330565208 0.4031206207424548 0.02346494835317866 0.02842806371425953
1 0.4749889607714125 0.4441562179013548 0.03318515880519215 0.08845315674066777
1 0.0241210139002453 0.29178885630498536 0.0482420278004906 0.13587487781036167
4 0.16107931316434995 0.34408602150537637 0.2616516762060507 0.08797653958944282