0 0.164780140995297 0.587338892245922 0.3274083158956233 0.32918873001053883
0 0.8395563906952678 0.6080365819548815 0.31874085720308665 0.36100355877321605
0 0.3291894346597442 0.49865252810838984 0.13801293985237378 0.14802949519451064
0 0.6924674282869353 0.519560827887303 0.141463472330463 0.17203206260882514
0 0.39765063057351285 0.45388362880792554 0.0906934512022179 0.0991139043694251
0 0.6098824451911283 0.4481394778015793 0.08419677534750614 0.08381505166330645
0 0.6508182703425235 0.4737268710765671 0.1104697401369583 0.11317725754902859
0 0.4517548780215147 0.4097970494543469 0.039965700537867944 0.03633936549211877
0 0.5769698485330003 0.4314003922955615 0.050609024060328085 0.06742099676197459
0 0.5494541470768601 0.41433335469265486 0.03470190489574816 0.04135173599974035
0 0.47781107568000053 0.39547065742321147 0.01767579123121934 0.016893343958104226
0 0.5602260287043899 0.42194593919919965 0.031203587330079722 0.05202408806436339
1 0.5278004905968929 0.40615835777126097 0.01062959934587081 0.030303030303030304