0 0.8534786445823539 0.5773727551233734 0.29225479338077476 0.2975273840821267
0 0.08900522597237678 0.4612610668730526 0.1774979234960171 0.17209894473019
0 0.7299476055853307 0.4879935703669126 0.14672836590670993 0.15438717481327896
0 0.42499742484541086 0.42216145654344606 0.07375452348860384 0.0629535276053122
0 0.030068029805664538 0.7351133583344789 0.05958563454893897 0.29294530247663125
0 0.939230943057543 0.7869643941303153 0.12064818836876533 0.3473654529798998
0 0.6579532950799775 0.4505974703403745 0.08736022300439493 0.09834786244501466
0 0.6905107849071188 0.3924719846842925 0.09084187193376941 0.044084506067479226
4 0.5285429186442789 0.3845792679026912 0.08005831227961467 0.11662320820350684
4 0.4778963152931444 0.36090566685472414 0.04274681758802637 0.05983154654852456
4 0.5977105478331971 0.3704789833822092 0.044153720359771054 0.07820136852394917
