4 0.11317477916852432 0.3789705069533541 0.22505208433210508 0.44802537248747554
4 0.5461004074732982 0.38463770772238515 0.05947539110409853 0.08620156803671798
0 0.8584666591341732 0.5498041803652707 0.2818643440502351 0.2681878202704973
0 0.2517598636405739 0.45190189544289927 0.08148527730222813 0.10231094136615652
0 0.3881080359196137 0.4150825865923601 0.061087058590556007 0.05072755338159824
0 0.42315390611026293 0.4063202978229243 0.04431698815508739 0.04721128998846835
0 0.5098450755059281 0.39670451621971986 0.020503420763491414 0.026895234079071968
0 0.5941965348001201 0.3955127048585655 0.024159391688598732 0.02733098213740225
0 0.4462995926864013 0.4040932454904387 0.018261139839278413 0.035621919007361925
0 0.47547951274881184 0.3966151262658083 0.029246519748441332 0.027978444029508796
0 0.49542855163723937 0.39621723432345124 0.016682610001022075 0.025443605663489736