0 0.7774582844919 0.5653955603158602 0.30690622524657607 0.2461663000977517
0 0.14590877141020675 0.6552272882396292 0.2906707971191562 0.3870517286970002
0 0.9078037514612505 0.7881578611372037 0.18279150949573283 0.40295976953888685
0 0.2403365327799213 0.5182216193086358 0.20072441693709117 0.1925667532494807
0 0.6482634774408473 0.4952475658726249 0.1519442017899121 0.14569870397841825
0 0.40945870001006107 0.41738608202743155 0.05569133618184025 0.049334305122800584
0 0.6026087064579287 0.455331065904127 0.1017572834953751 0.10717922594773338
0 0.5536062345091476 0.4252740108605587 0.065898904621065 0.06646677802152065
0 0.4546008480443198 0.3936205255204515 0.019463926675567254 0.020323752424700636
0 0.5196255475696928 0.40242894863453077 0.03300894037778516 0.03772605083088954
1 0.49376515648156427 0.41314360170187253 0.016557994477590966 0.04622855237735215
