0 0.8674379537462311 0.5317726470857771 0.2641277671932492 0.21137924418071846
0 0.7601953414455361 0.40564193054378206 0.0782306512066895 0.06412107107809445
0 0.2309249042002568 0.4040925593669813 0.05208931374725317 0.03917186211281158
0 0.5402752680556265 0.4117986356524545 0.05742235409852821 0.05965727119035618
0 0.6423462612747853 0.40173923048688753 0.05715745253730581 0.053987803230770404
0 0.724281866240482 0.3985395981536 0.048424434583886955 0.05506919346247251
0 0.6890879870435788 0.3866441415318762 0.040899293888619175 0.04651636625198558
0 0.19960023220308667 0.39747352637386973 0.03828336601849959 0.03487177724828935
0 0.6128322448480938 0.3946283663006705 0.02068278327498978 0.038107923282090055
0 0.5998370466130928 0.3919589134954637 0.01616807814416394 0.02444532586449169
0 0.5903097232247803 0.37670243637070044 0.015466298612530661 0.016900443844315126
0 0.41159399473949815 0.3877665052665643 0.025461691281684382 0.02313879764441288
4 0.46645958464553094 0.3794369217470827 0.08002337801193275 0.10187573027401027
1 0.013682524298217973 0.4202345086449169 0.016999484473140338 0.06355836034869868