0 0.8324465435835932 0.4932706801189822 0.14551584738156684 0.11304641678885631
0 0.7020933411692559 0.4682905508509363 0.0879767629228843 0.06348023176892412
0 0.6532539623444527 0.46176004269955095 0.04554235750012776 0.048830929156738756
0 0.5757110421031787 0.44099208499912174 0.02504667218162306 0.023553633853021137
0 0.3154625506646694 0.4326187387356427 0.026488509221049672 0.023252425655241934
0 0.6142959906639667 0.4543014332462732 0.03379840492130008 0.03867224491003788
0 0.3662202449870324 0.4189491905891068 0.020048726316562755 0.01809235961556085
0 0.630995219395186 0.457865501545508 0.03328646818146975 0.04120317535549548
0 0.49285439517004803 0.40750317466340574 0.015102383355478331 0.016959510124557063
0 0.5158280679074254 0.4075337817358947 0.012510659942252658 0.015965466392121822
0 0.5519215044971382 0.4291300097751711 0.016353229762878167 0.017595307917888565
4 0.15104685274188087 0.40974453117840454 0.11622438719305754 0.12846197014563476
4 0.46443172526574 0.4144672531769306 0.02616516762060507 0.043010752688172046
1 0.20407441982166355 0.4447961324354304 0.01319166606113936 0.057139556079316346
2 0.38961569910057237 0.4222873900293255 0.02044153720359771 0.03128054740957967
