0 0.19312454810029447 0.4371249738676457 0.25366499145208377 0.11522855786633981
0 0.5849690472407119 0.4797356420015426 0.1369684302017324 0.12672563032670456
0 0.9373550726952167 0.5290205313196863 0.1241494004880417 0.15318222269634346
0 0.03465012504200612 0.4356043602131445 0.06908375407376449 0.08111172524132454
0 0.37248938647041724 0.44370652363796736 0.20850864513331716 0.11155090630345797
0 0.7690728625019164 0.4293131152439211 0.05599134668208299 0.05265144355602395
0 0.06579472237279546 0.40385618983592225 0.13127435073682936 0.05478662992386058
0 0.9283522124770033 0.49928074871223577 0.11844792837796403 0.13405900733328752
0 0.6428208682542927 0.4518583266033572 0.1117380536781991 0.1219861281349279
0 0.4863991413755877 0.4279841239384775 0.12619065965479354 0.0717195303908541
0 0.8298425931766787 0.41096163961311705 0.025940340655023507 0.022578891071755865
0 0.8100432725783167 0.4211753032307704 0.027278373013338103 0.037625876806115593
0 0.4621818710913545 0.4328596128163566 0.13177782185040626 0.06692767399613575
0 0.9057938083701706 0.4314392626809934 0.05228232557619583 0.05084174819006598
0 0.7984960498326349 0.42521762941123686 0.020460002459372444 0.03778884604296493
0 0.4352184804072657 0.4308429020707325 0.15380163184951195 0.07457201408617424
0 0.8526166165742539 0.4030980383312714 0.016995022166291906 0.015607578430474096
0 0.9181733150903261 0.4387449710133721 0.07049086438956459 0.04054604807207661
