0 0.8701750785721586 0.6472544292550633 0.259007251954722 0.36065002620394976
0 0.7305634717715147 0.5025811666151179 0.20197107123236918 0.18366254133446358
0 0.38541133503200375 0.45921961093578173 0.11025229927368663 0.10239971977524744
0 0.641620052708823 0.46667080727257454 0.07473363119953495 0.10735350130590177
0 0.5933875320197516 0.42174858921084585 0.050543397543182746 0.050360417669003545
0 0.4853438520080616 0.41618573887024224 0.08503075612926717 0.044032450179084186
0 0.5777523761290755 0.41217986672737966 0.04749498343916087 0.050556201505987296
0 0.33571268551094263 0.4121112692973714 0.040160858328968214 0.04564006727112353
0 0.983990523431112 0.8576672088831867 0.031264173331459526 0.209197729563783
0 0.5531108166873211 0.40242672619115805 0.02526795581433974 0.02901183545065066
1 0.44678595255167874 0.46204329236162023 0.028206177256873466 0.11749261611834066
1 0.9723539687723579 0.5632067668239858 0.054530695044204824 0.07350744879490469
4 0.14063777596075225 0.33479960899315736 0.27800490596892885 0.10068426197458455
