0 0.6593413333471739 0.5769913898069022 0.29973402046708914 0.28010080287183836
0 0.675978778330693 0.4137598748081241 0.10244933133815413 0.050085013679511854
0 0.4141798417098388 0.4070778526984818 0.046338085258777084 0.0424968760500672
0 0.35767981466073434 0.4016337166317281 0.031260679904691335 0.039057458484161166
0 0.3267224764882397 0.40745437040356947 0.055911072725559584 0.04957620838870051
0 0.9363498141896208 0.41542940708432613 0.04155990089048447 0.047605095021535926
0 0.5615766873051666 0.39345402125622403 0.024757216820829927 0.025335884280684874
0 0.9575998301595717 0.41455904456294296 0.08402978954798651 0.050518971850562075
0 0.38679976007144956 0.4009021002060041 0.029439880920060814 0.029436337050571238
0 0.4486841059861764 0.3902927521736391 0.02852392937448896 0.01852697407861376
3 0.5339329517579722 0.4442815249266862 0.08994276369582993 0.10263929618768329