0 0.521520107765229 0.5350706635565585 0.19224028068785773 0.19089738504627932
0 0.9244841905470667 0.5610289065602472 0.1502317239881439 0.22373528354678335
0 0.6469765988316384 0.42673399208344787 0.07095489127657399 0.06053700078850501
0 0.13289813574278636 0.42927578117840454 0.09585150206371691 0.07267804486078018
0 0.873579447910811 0.49957403665880074 0.25175514751443684 0.20538186887142595
0 0.5420982629085114 0.3978616783462778 0.04330237225636243 0.02288451432482588
0 0.6662163722739294 0.394999156366462 0.046910083985972 0.027002716810239493
0 0.5836142214808616 0.395201607533564 0.02797396418898201 0.02209976807833883
0 0.6228025597036616 0.3949414325016801 0.021311550187167825 0.02057338203735948
0 0.6052579965536846 0.39404985981602825 0.016203212036232626 0.016974575009164224
0 0.7153155372850445 0.39876991189936156 0.025036341619608545 0.018532552560636607
0 0.7625161745659368 0.4514537673308819 0.10557200571404844 0.15672100883774742
