0 0.8373741717584193 0.47114568954572184 0.19566348957801002 0.11063069542132514
0 0.9060869567821188 0.4951250033411229 0.18719287788097916 0.16919339087701613
0 0.9424584701425798 0.5388652693374649 0.11421609100316844 0.17768589888616507
0 0.7883376388986483 0.43991218634015306 0.1643949245100419 0.07918106332668927
0 0.4058181001627338 0.42372896524468473 0.15201399546613092 0.05126440023979716
0 0.06505921660927798 0.42253172455878085 0.07920425521089518 0.06788395110696176
0 0.6983427482848272 0.4223517663084983 0.07473028749105683 0.04353847112124267
0 0.7601835636067176 0.42252158186419386 0.15114116278809792 0.06631708378199841
0 0.6679172968143142 0.41659535457428365 0.045770079019317254 0.03010921534205462
2 0.15044971381847916 0.41300097751710657 0.12919051512673754 0.09286412512218964
2 0.03761242845461979 0.41886608015640275 0.07358953393295176 0.06940371456500488
2 0.44971381847914965 0.41348973607038125 0.12428454619787407 0.056695992179863146