0 0.6962968478510834 0.6362052313393511 0.3805944734387776 0.35399925254307185
0 0.290203103839815 0.4705893776633523 0.25659494095909136 0.11264315518465909
0 0.06031766879880224 0.42851757001084434 0.12003783675752891 0.07108841613590543
0 0.7658412930230478 0.4537665254326277 0.21146390950787 0.10143595496929986
0 0.48874028627734056 0.4507825894323146 0.19953325822133075 0.09136363278386181
0 0.4079931326216591 0.4139218297755147 0.049646659844835954 0.0424560367886272
0 0.35190602861655507 0.4092652888591688 0.03295114911781991 0.04026324588182734
0 0.31950055275992695 0.4133145210213908 0.055423914362735076 0.04961123051648033
0 0.38092042263277415 0.4080232413283541 0.030675805404550796 0.030715181680718476
0 0.5601395913449254 0.4032040593211602 0.026250806482522485 0.022884066853005865
3 0.9697465249386754 0.4315738025415445 0.06050695012264922 0.07526881720430108