0 0.48199331887121194 0.5743637010382301 0.24264196986949357 0.2414488135195198
0 0.6574380894908141 0.4184614313895635 0.05257272915282604 0.050426524172547046
0 0.9179453440406531 0.5274522470006262 0.1633106147472915 0.3206546667850379
0 0.5511020463895135 0.39623831024617395 0.030335321059893703 0.024325910551457112
0 0.592386565438471 0.396108513586915 0.025254081919460342 0.022135446498121335
0 0.020091318014403007 0.44371700939428305 0.04005895639089708 0.08885236126703018
0 0.6786453858419997 0.39708161563817357 0.03178194908460241 0.032110011006613516
0 0.5730749521699969 0.39477471941727 0.01709673079134301 0.021458749780440493
0 0.9826803885808463 0.6541928527175739 0.03385469899836468 0.20687403823390152
0 0.6150868276251406 0.39107808013349216 0.012028616954338716 0.01290538560376955
0 0.7261438627079287 0.4007768677593093 0.021093161108059075 0.02133154845773766
