0 0.9017894180310329 0.5047668874671616 0.19567676459972916 0.1587976062286168
0 0.5611309260495452 0.5238167025360078 0.1845807927803046 0.18361788364682613
0 0.6403356943574969 0.4270051898378314 0.08381689013951349 0.06899356189477945
0 0.8681136573423447 0.46473774392583855 0.2618954175822772 0.1514966261818029
0 0.2239979878859937 0.4136702312868478 0.08023834852341834 0.0628531149289009
0 0.6849361740948232 0.38826894154180414 0.03688898967702371 0.02318094948985826
0 0.6597351174030943 0.3866724664980831 0.019020261476006745 0.018579298450100805
0 0.6211262388689442 0.38664344049269156 0.02595136990239166 0.021100772324428762
0 0.6435042573892963 0.38512751037657317 0.015196057098962592 0.01673908550601784
0 0.7530662305805397 0.43304007820136853 0.08176614881439084 0.1270772238514174
