0 0.6962610901328061 0.6364735951055412 0.37993835798561426 0.35324582932398585
0 0.8036193598125767 0.45357523122957144 0.21745932852744276 0.09354932380445076
0 0.4082347030826796 0.41472022391251223 0.048621339088371324 0.04366418087121212
0 0.8992284118203189 0.4233228696522941 0.08607763631950123 0.050919846938385874
0 0.37962241496400373 0.4092146648805978 0.028734158806789145 0.029440334465496702
0 0.9885184536775603 0.43861229561873777 0.02215481350291292 0.0350718866461999
0 0.5598071169287868 0.4020828590132041 0.02502042157476492 0.0253011008045424
0 0.350303231938784 0.408244143250168 0.03429774037171658 0.038182770401851175
0 0.02431460806851687 0.43012329280551226 0.04815423861450576 0.06345696323428336
0 0.3286852583179489 0.408334980029631 0.07577534610876176 0.03867958344788612
0 0.8728347241829774 0.43207896839488635 0.08693731874105683 0.04181480967054619
3 0.3205233033524121 0.4442815249266862 0.11774325429272281 0.09286412512218964