0 0.6313246994455233 0.5375684960030623 0.2405611601211161 0.22370938984413186
0 0.12597969098843617 0.41846338534984423 0.17838408375800094 0.061671878818426194
0 0.8089871098540985 0.4115543011229991 0.09466927030100164 0.04589199390579179
0 0.42039330046584344 0.40490543667521994 0.045271392348157705 0.04049244094803885
0 0.3927620788723937 0.4004903366372266 0.02756114095717498 0.029002170059338344
0 0.36577901270968544 0.3995564480331287 0.029009341023929373 0.03844743506766251
0 0.5643032320385962 0.3955026069111605 0.023399022399453188 0.019602994648475685
0 0.4542670760696673 0.3903656155016648 0.020864591185225878 0.016001532620815006
0 0.3381420768681649 0.4016041834916071 0.055516440265995504 0.0393931220120815
0 0.5464196567738144 0.3864659731688737 0.015284939857164758 0.014241387301059996
3 0.3348323793949305 0.4389051808406647 0.107113654946852 0.09970674486803519