0 0.5829136646485972 0.42672106014784944 0.13474750908690208 0.04746106875840054
0 0.9496555780643142 0.4712003556864003 0.09987138200761447 0.0938643141342864
0 0.2892956113776318 0.421916555216352 0.06467341051078292 0.05777887398429863
0 0.9369757863603843 0.4418163728387708 0.1257913110690924 0.07237898452773704
0 0.9770329148673855 0.5094303492809904 0.04518857318070319 0.07975624360413612
0 0.9268192968111202 0.42668621700879766 0.14799672935404742 0.07135874877810362
0 0.8713440290748927 0.4275353246187301 0.07416994183743868 0.03882405718284152
2 0.10752248569092396 0.4027370478983382 0.20850367947669665 0.13098729227761485
2 0.36099754701553555 0.4120234604105572 0.1054783319705642 0.08308895405669599
2 0.24693376941946035 0.41642228739002934 0.08994276369582993 0.05865102639296188
2 0.6263286999182338 0.4178885630498534 0.11937857726901063 0.05571847507331378