0 0.5870073369947107 0.49417018797157564 0.1423751069986713 0.1347277390525721
0 0.8566904013408371 0.7520553573951461 0.2862634666611304 0.47997515875106916
0 0.12107101922286698 0.7219132081271383 0.24166887294339626 0.5297416023261853
0 0.2293634048174954 0.4539399655100654 0.0928487457999029 0.07798526946633676
0 0.38148403713572543 0.44318260871536685 0.05525630473700685 0.052300595817677785
0 0.49259129022830644 0.4435548456067097 0.05713838840837081 0.04986861630735276
0 0.27278893284396083 0.4436922492869089 0.05666480450384556 0.0639669617832814
0 0.3054981871111317 0.4316316159006904 0.03908488288436478 0.04337481576093597
0 0.4655850302071622 0.42861778878280027 0.03805784036756439 0.04350234522964015
0 0.3431322997647626 0.41291322829320165 0.02587448956044307 0.023303884914543622
0 0.4357863244519113 0.41945535579618004 0.024371542505621423 0.027749368289115957
0 0.44253836980337796 0.4236773717438371 0.018894647830641865 0.02850153858710594
0 0.0853567962867504 0.44221982834742335 0.17060173849955212 0.053923009311232284
0 0.3241100046153158 0.4267706847726891 0.022381387181878577 0.034253341361574416
0 0.08461238084420354 0.44327144678736713 0.16922476168840708 0.05390099369768756