0 0.25507763966320973 0.4382702183280639 0.12520817080581179 0.09935849246624512
0 0.6910870006994838 0.4800474552814562 0.16070920955130827 0.14029366203300647
0 0.30603713552579465 0.4184950066917919 0.07322926182095768 0.07837647916284823
0 0.40884393175800415 0.40694822011222354 0.05055055906805754 0.0530873109401729
0 0.5374044947027673 0.4115594023017473 0.051871648306546406 0.048635354139937685
0 0.5189685837128858 0.40268511133576185 0.04546011225278516 0.048890711391892716
0 0.34863645564505824 0.40006550689130466 0.033011785025296406 0.04012011456233199
0 0.4925446280279027 0.3980319115423387 0.023582028056009813 0.03345866124068304
0 0.47380568721892885 0.3882168110747724 0.02104899421248978 0.025461236053198315
0 0.4495887787538967 0.38041596025782015 0.021192773677049265 0.020337653882575756
0 0.4248631025861739 0.38239160800609423 0.02224778856104354 0.025422604319403713
0 0.36089593820267785 0.39405393180959036 0.027948062924800694 0.03460344331355389
0 0.37009658875859186 0.3843168107645253 0.021926019002644626 0.02764170656922043
0 0.3603944318370554 0.3936632292478082 0.029023389590147178 0.03346418005979655