0 0.6198694286829901 0.4621758931776179 0.11861646126648098 0.1104540037153287
0 0.15103568937187786 0.4759439895346484 0.11315647852001674 0.13192838517801503
0 0.27900330238623006 0.421122561218918 0.07908334677470871 0.06845131554328568
0 0.5755332765867743 0.4332867097528333 0.09169247144572772 0.09371464972621885
0 0.05735739378391088 0.49269582798753664 0.11407809075233104 0.23840188840267595
0 0.33146266984042827 0.4069722493489583 0.044947876076374696 0.05177845586663001
0 0.3596634821919077 0.3961388820077667 0.029613329559101596 0.03455398276171493
0 0.4723291404892554 0.3862328403506461 0.02618997095065924 0.02549267840641801
0 0.4994085878011933 0.39708922265911384 0.031035453690336265 0.03323137538757026
0 0.37498300697407755 0.3881169950274545 0.01784437402583299 0.026465124165673877
0 0.41631536101671096 0.3781148065919401 0.018654699317763694 0.017377985770634777
0 0.4450969056623058 0.3799019046309873 0.019167035306367538 0.01697576826735093
0 0.5203442702211519 0.4073033337485872 0.0437860122393704 0.04654879304320931
0 0.5253924465725291 0.4180313214761654 0.03865361934983136 0.05306869611246029
0 0.3190808175337285 0.4146200946349203 0.026665326521616926 0.05235954277210105
0 0.3171685531503922 0.41511644529340785 0.031085534458363144 0.053503489564241204
0 0.4308921333618663 0.3755834137589351 0.01610928876226492 0.015920928030303032