0 0.6722041057546121 0.4609847679399209 0.12425654887763185 0.11169740857733076
0 0.306883967127453 0.43300010405211387 0.10213103025347506 0.08442331502397972
0 0.4340516010075442 0.40463471622411107 0.04118029016602361 0.04311910053152493
0 0.3453326221381848 0.41668267124209585 0.06228590284520646 0.07018049581309567
0 0.552578817696622 0.4110276864537512 0.04862800155227923 0.04437554173921676
0 0.5349773366433719 0.4029720750139373 0.04112491935174775 0.04417832599240897
0 0.3802184559532783 0.40232532907674273 0.023964358662740187 0.03631368060964993
0 0.5115016085733085 0.3989610420294172 0.022291156959065823 0.032136948810178395
0 0.4536898871084168 0.3877129428897086 0.020983217977054373 0.02360652502214687
0 0.49351857045782654 0.390370179714229 0.02009663616938369 0.02354704110153959
0 0.4711570708554783 0.3827138324636868 0.018462061784546197 0.01963103621586327
0 0.38820738648159625 0.39562405076311247 0.025059722625907093 0.03226960928908541
0 0.39070632198455385 0.3934133908149667 0.023000622029589125 0.03132538408594514
1 0.9812434423388952 0.4983139410979121 0.03643055227284342 0.20988835757079363