0 0.6724745967986636 0.5547593788900217 0.30682273234681623 0.262765863890289
0 0.22851364123265663 0.5014489286689348 0.2285383572270416 0.24613906397964014
0 0.8243608825633688 0.764374495251787 0.3511223282272077 0.44114880454621824
0 0.46130474648900627 0.44647885021459555 0.1339528792623799 0.09315754731030058
0 0.3669561478122764 0.41593958462205216 0.07765960069533166 0.05636695123487903
0 0.1766735023879069 0.40334513227028346 0.06071474663273584 0.054670496070839444
0 0.33601762423823334 0.4065951946776866 0.04375531998990699 0.050085490982786536
0 0.4182241070202307 0.38578581600245143 0.027681339791049163 0.029918174706363026
0 0.01704028529021356 0.8270871636921127 0.03362289482905839 0.3088752396062439
0 0.49769658410734363 0.3832802572091887 0.08366068405687857 0.0316009968956195
1 0.4337694194603434 0.3885630498533724 0.023712183156173343 0.04594330400782014