0 0.16204799362020422 0.4665079722772712 0.2000840655722193 0.15352200296500795
0 0.6040025088792927 0.4488305383646826 0.10111903442482624 0.0875833311854686
0 0.9204927508400195 0.7733177267095094 0.15808424867768806 0.4315609750160374
0 0.5675412893100342 0.4305060154531708 0.06532633197375817 0.0649949835425831
0 0.526906647452154 0.4109427861337671 0.049397204220538636 0.05054349330629888
0 0.3665522328187283 0.4046383407458532 0.032832696997329824 0.03154804606358443
0 0.41678405412376074 0.3985413880408801 0.029156089901241824 0.028040702275400172
0 0.48305480907125153 0.3985611215481427 0.02986156248403005 0.026353345705034212
0 0.020492965558076236 0.7616715566387158 0.040228455893250636 0.2912095294553397
0 0.4590067079782681 0.39266242869089074 0.016855035565080743 0.020880646020436218
0 0.444671630859375 0.3910271727561018 0.01718351749348426 0.01775314614453507
0 0.468054109387776 0.3954734019170409 0.016982944890893296 0.023220356841474218
0 0.4024981220335816 0.3920347152217742 0.016288925757295073 0.018666078151728983
0 0.4312082884843878 0.38989917087648157 0.01574477463205233 0.016637956874694527