0 0.9296776185928557 0.6576184135727868 0.14021816549979557 0.3267931150434537
0 0.7949043829131107 0.4756429155784152 0.16910885477884813 0.12560354999083578
0 0.6987135256301743 0.45048485659900417 0.08540704809829824 0.08815875011455279
0 0.6687278965897767 0.4339382734699566 0.07814191816677739 0.07445346388532502
0 0.5693611400788277 0.4013326575912222 0.037513913819756745 0.03596769539841459
0 0.6410395449921428 0.41226630336727915 0.047181672964150656 0.05290975412199108
0 0.5311944295613373 0.4032467183013349 0.03479627732458606 0.03190259290230939
0 0.5920079528359439 0.3997591080204133 0.019904198260552945 0.027381904430519917
0 0.5092016112482752 0.39747898553007394 0.021488716830411897 0.034904054882239736
0 0.609407039714074 0.40572568235276146 0.027035230510271874 0.035880617382239736
0 0.6082171536037791 0.40806029199505134 0.02233133136690004 0.036028521734481914
1 0.6130680511549469 0.42360207715225595 0.018197060411130415 0.06706006599195076