0 0.7540049642592498 0.5687860990432934 0.3484679227565413 0.3041105298352731
0 0.13816022833935668 0.4475827930260264 0.1599287967260802 0.12037815306543255
0 0.3149813935099716 0.4364363147366431 0.12104511650877708 0.11193713414703996
0 0.5280828093858596 0.42872036423967497 0.07597165174008585 0.06622320419415934
0 0.22791191094835955 0.42831410457428365 0.08626298756260221 0.08989872937095247
0 0.4933894633856935 0.4066373763545867 0.04607914747610895 0.05353060635653409
0 0.020093487717290442 0.7543823003535862 0.039915522455389346 0.33668626951215785
0 0.3957154967213691 0.3911063305210624 0.03288647081651165 0.032896994612200636
0 0.35733654805118686 0.3862494415551686 0.027977532474895237 0.027919318086357527
0 0.4658850656604533 0.4001220822450819 0.021040759706536183 0.03147021579835655
0 0.46007005718040933 0.3943988281727303 0.026974195354021874 0.03207531702483504