0 0.7178851273443888 0.526028585573795 0.28979472225061326 0.22367353243562133
0 0.9490873472474193 0.8372385690638746 0.10182530550516149 0.2943861020741691
0 0.5741908025858544 0.4784025041239003 0.10977265177841374 0.11702843868371213
0 0.33634454660111535 0.4594327865108367 0.10037655647134353 0.09637615244875672
0 0.45504367731676076 0.42620363356663915 0.08243830907763951 0.055107467218811095
0 0.5328545059615827 0.4498566956580676 0.09337964685647486 0.09406275297073557
0 0.31314442495001404 0.4147060987187271 0.058709207754688776 0.06045120552488086
0 0.3713725005030535 0.4168828552186431 0.05621677252082482 0.0543091178289956
0 0.4032820220473158 0.4127670392496029 0.025457574028707585 0.03770415454316349
0 0.4216464300771668 0.392863194380804 0.03206676317840352 0.02616152945152126
0 0.258360656089502 0.4076980486410221 0.013689716429566129 0.036004835559475805