0 0.9098955405508994 0.5880046557354671 0.18001408549672934 0.288482666015625
0 0.7770407451339559 0.4916529501638105 0.17846175635923447 0.15535225220323193
0 0.696459841162868 0.4543543989940356 0.12378438729686222 0.11166680150484176
0 0.6281529673765842 0.41514712694453354 0.0704125118177637 0.0666849652809598
0 0.4967353926851237 0.406006262099638 0.043292141506541294 0.038502533764433654
0 0.4654764844468648 0.39422723764548206 0.030258815013670278 0.037959094154753174
0 0.5623062146265587 0.3982004890926656 0.027590984802994684 0.03217734059979839
0 0.5312098006391175 0.3994029950303183 0.044397910890867746 0.04067041540658602
0 0.5894794854002708 0.40547945352593473 0.04019646632895544 0.04707988243065738
0 0.9760987226434741 0.6392518581416483 0.04780255471305192 0.1861235766816349
0 0.5955508365459551 0.4100006043852716 0.026660485630238144 0.04852530590366874
1 0.6255110384300899 0.4506353861192571 0.035977105478331974 0.09579667644183773