0 0.7146301020000767 0.5214399559639998 0.2238188624284546 0.18344942542231793
0 0.6089660444906864 0.4577151957611651 0.10340628074215556 0.10522419173463465
0 0.5549100312851339 0.42342286468834006 0.05850811113808258 0.06094363334707967
0 0.4079067576448155 0.39854217857442875 0.03995057899057134 0.04338692733153104
0 0.33446109051209244 0.41261694228544266 0.03672108061471535 0.0649220456359207
0 0.5170700060765663 0.4118242310405593 0.043401286139998975 0.045060203455293865
0 0.48400215155164045 0.39979779941711724 0.038417313982011446 0.03801455082898033
0 0.451433557617986 0.39293456613609634 0.028010046296887775 0.02513702780387036
0 0.3535204908444271 0.39797915461475897 0.03030607608723426 0.04422295384859176
0 0.2797409893544307 0.41140770935476234 0.10051616877682952 0.11488803181130865
0 0.373379087409131 0.3809986133146612 0.01911101571283473 0.020245086878742057
0 0.434506158212707 0.3883987978639724 0.01827496382806112 0.0218424717818304