0 0.09648545920995055 0.5291693455312958 0.1929709184199011 0.24686179063187316
0 0.669307830386345 0.485065866658648 0.14399256359234464 0.1198209611551503
0 0.6111625116181393 0.4554351627651897 0.08466604237466782 0.08327280531181268
0 0.556767112002057 0.4269174853611086 0.05918768245668949 0.05784322043201674
0 0.43146269728878145 0.4137905564592498 0.03604530215945677 0.035390963885325026
0 0.3759137307242692 0.41847272259515517 0.03692866502389105 0.034797317937438905
0 0.5041802344708197 0.410452446513395 0.03218324400807441 0.029617145497311828
0 0.47679718341967753 0.4052308381827346 0.017760132534622854 0.02139810243310117
0 0.4628320601955361 0.4024305446173555 0.019267097030227925 0.019017940159533845
0 0.46363033316511654 0.4028288094528959 0.018751117896565823 0.018673655341214564
0 0.4868513405176819 0.40848300370769186 0.016499255001788636 0.02488056678809262