0 0.8469024932686656 0.7208038210752307 0.30574266460228433 0.5356135363686003
0 0.10008210426261946 0.47976223674337887 0.20016420852523892 0.15616966389258002
0 0.5770106218139948 0.44613994997384376 0.08908033643895646 0.07785207202124572
0 0.30755070010268676 0.4233984476426946 0.06924044218398662 0.06269799136462915
0 0.22161469728558744 0.4497153542258523 0.11359204021712745 0.10833370324337122
0 0.4111307039674149 0.41636338518278804 0.05338268014903158 0.05174769963686767
0 0.3474244736104546 0.4144235948430245 0.038942450884415884 0.04723736267984787
0 0.5346210071130162 0.41878225376878664 0.05123819022127964 0.05963820889082356
0 0.02053053536964847 0.7821787426781678 0.04106107073929694 0.4125349505322886
0 0.38479598038331075 0.39527107007575757 0.028854083157131543 0.02718319711097874
0 0.5039828558584168 0.4108493838492027 0.0236097758457686 0.032301618439943794
0 0.4976945379573794 0.4044615893769474 0.028674845410874897 0.033468237137631356
0 0.10950224183176935 0.39136983176014173 0.03761556006218699 0.02685523009836266