0 0.14203043054189238 0.5058372400606366 0.28406086108378475 0.1751441694541178
0 0.44668819898479023 0.4346981253675235 0.10789241463262725 0.0803302902863056
0 0.5473638052640152 0.4147153763011287 0.04671455189914656 0.042568561035633556
0 0.6457319906863246 0.4110687047039192 0.034882964214533935 0.03434650499450147
0 0.7103034929476697 0.44157992872907503 0.02671153956715045 0.08578547890701368
0 0.6883439370480504 0.40826630802098607 0.03081127550401165 0.026720451586174244
0 0.5621544252334807 0.4093494135613316 0.03311953228804681 0.04078404341741508
0 0.6022442921399096 0.39383586387596986 0.019437775880902494 0.02045181885958883
0 0.6193397004196903 0.3864206293577789 0.014473267100623468 0.012784657706729595
0 0.5768474538308719 0.3997312752732084 0.019479048222863858 0.02621310803664162
0 0.6653178379561018 0.401417498248297 0.01675497384122036 0.025531280308757943
0 0.6804831528995043 0.404043218140961 0.025657223368509813 0.02764295949031647
2 0.8122385170064007 0.45147183027668314 0.20619337654269726 0.18883459961892107