0 0.24528856503602822 0.48869856221934566 0.24427492230618866 0.2045807153248717
0 0.5246374671418259 0.4098181402927969 0.05786916338218009 0.053377541162634407
0 0.5028488146703163 0.4006202078751222 0.03960712523316128 0.043052516724706745
0 0.4421535189387648 0.3819110531028531 0.026818388520160465 0.02655482734985948
0 0.4646268081976952 0.3877980221984207 0.026019142381694605 0.02801400312347263
0 0.4842605902733417 0.39231010429553853 0.028771812956740597 0.03315870596399988
0 0.4152077700598554 0.378193621295172 0.022652826441767172 0.018703277975699536
0 0.7987801901941307 0.5605622083676992 0.36025479457852105 0.2991056768542278
0 0.37413845857634276 0.3711705510800419 0.017539921882984977 0.016582261548830034
0 0.39955968849013695 0.37520464377902 0.0200952887047731 0.016677215069037146
0 0.34505314799672937 0.38269794721407624 0.04578904333605887 0.059628543499511244