0 0.2765446223885138 0.45727392888372126 0.17839130142723453 0.1258766271268634
0 0.7188997432431138 0.4755509601194022 0.10841795078380519 0.16436036707485643
0 0.6547365976179221 0.4224570564277477 0.05493713029563573 0.05841759526018756
0 0.4410382549195434 0.4140916005840283 0.057766681212630316 0.05329302865156097
0 0.6065813066134761 0.40294266119963495 0.03491660092370196 0.03156952471094514
0 0.5509911550426717 0.3973696830801717 0.030105852827320114 0.0290851909976784
0 0.508798345033984 0.3913679076313157 0.025054357720513083 0.024653817901163857
0 0.46018746127286897 0.40656983794121915 0.039591205188317664 0.04713784494707661
0 0.5946405992484541 0.3971112084412039 0.029275864533294154 0.03282471299754093
0 0.5774775183015638 0.3943094233030914 0.01982988808258381 0.02606654609985948
0 0.478388189782106 0.3941524651043576 0.018497445207098322 0.0261067290692968
2 0.8641422549331178 0.5174648400508997 0.25902656561414045 0.505432039411886