0 0.6844396333858213 0.5456498519882546 0.2462327384792774 0.19963525677006966
0 0.8429372043562832 0.7345425185336861 0.3126667362690362 0.5136176115839596
0 0.5810042573892963 0.48296455390758647 0.13761930551474347 0.13662725692853434
0 0.2995841649352578 0.49463090495746276 0.15334713702697006 0.14186306503161658
0 0.47534494095909136 0.4411759959171478 0.1004564810851901 0.06802183209043561
0 0.3992087987243203 0.4224490615978968 0.060571229175183976 0.04710598495349157
0 0.23942679454338717 0.41366075979999084 0.049755629806955234 0.04517395079194159
0 0.35164064047089 0.42074962328839044 0.03966748665710599 0.052384064227837854
0 0.27817716933817327 0.3968394737206363 0.030946845415665884 0.03161057279256781
0 0.44066561857209474 0.39778314704186524 0.03470874203099448 0.027218696542033235
0 0.3121187548508726 0.41226515485627446 0.07359045719574049 0.04756780570320137
0 0.37539817579242896 0.40606753590752537 0.02656406705143602 0.02090137888143023