0 0.8532907980344184 0.5573254657048051 0.2933559214981092 0.2579376131208761
0 0.2931326540980491 0.4321606469177664 0.10638080887003015 0.0816234540146933
0 0.06456849512660104 0.510752464436133 0.1290630804936806 0.21606072419316655
0 0.6559514617296096 0.4494896196083822 0.1057466271463614 0.09211762280058651
0 0.3721943166737467 0.40560765420236894 0.04907738099991057 0.04758895620456073
0 0.610498785485231 0.4317562069711098 0.07625451949611611 0.07481123252115408
0 0.5566556966412 0.404407952421455 0.054119069558718313 0.046572121240759407
0 0.5063345558996193 0.39079409960078354 0.027765206986534136 0.024461882321832235
0 0.4859106355481526 0.3825466271602746 0.025452458653797017 0.021894169692769427
0 0.4037221938201081 0.38235445292930564 0.023877846444130723 0.022401901051212734
0 0.4549230917106373 0.37678608376958855 0.021289292068044766 0.016177687360627444
0 0.43119117069322366 0.3735491770336938 0.01625261907195421 0.013939164833822092