0 0.6924858935427101 0.5027501767215374 0.16972818943875204 0.15817863337571786
0 0.2657646746881069 0.42992677809788915 0.1197260983733008 0.10169346008599096
0 0.5771024989379983 0.43529005600676623 0.08875285263248671 0.08194169597308773
0 0.9262036552023712 0.7739038252993646 0.14727888005928047 0.3676301987872678
0 0.41873672996889055 0.41529905854315585 0.060236708609081153 0.06501679033594514
0 0.516704793261 0.4099568416412741 0.04492252377925695 0.040023818626664834
0 0.3319368900476863 0.40909274372537113 0.050677520178033016 0.057292293127214684
0 0.4939448433826911 0.3981038650109971 0.03346433351006746 0.03731831450849218
0 0.4662844641522511 0.3914155633801472 0.021782863364293744 0.02474823445518695
0 0.3852329207363425 0.3857817887560713 0.02131464436516251 0.024797128209387218
0 0.36639062440112685 0.39745881946671857 0.024958288484387775 0.036509166132087
0 0.4723866822187372 0.39477973110165415 0.01713880163085139 0.025271030698237416
0 0.35453191275296403 0.4028315241152706 0.02820957087144828 0.045825290773154934