0 0.7842528498377453 0.5557944259568977 0.39943422456306216 0.30080774033174484
0 0.3100069035103549 0.45401572248919386 0.12017944535561886 0.11008281092489919
0 0.5851231822203342 0.47816028762772633 0.13751644904946853 0.1393191877348332
0 0.5319234827748109 0.4418498138994532 0.10587358825633687 0.10601782775461266
0 0.4472396613531978 0.41370513408880893 0.08745606766308514 0.05953132278874939
0 0.3501062900047271 0.4018086631976265 0.05526591166061938 0.057719270737872676
0 0.3871769129206485 0.3986751970307918 0.035983243928224655 0.04054327374679252
0 0.29682966031115854 0.39487292456603584 0.06167764733876738 0.054298050359313905
0 0.23591543900995887 0.3937458623772376 0.026861133091974142 0.03657118572634103
0 0.41350680808989804 0.37715068380853645 0.03303411800356449 0.026845952515961023
0 0.2467446377895352 0.3780815296042583 0.03427318657214585 0.03033763479044477
0 0.3156561239371998 0.37364730760382303 0.03420810902206409 0.021546633245891372