0 0.1059598509444629 0.48899410244073804 0.2119197018889258 0.1980670171981916
0 0.7746856265251303 0.5007663551546845 0.23625650975125204 0.17858495926693854
0 0.8963819177834985 0.6725881358395573 0.20618594053429068 0.3561540680080798
0 0.3146737224238872 0.4213672089786474 0.09122752129592958 0.0710361514273277
0 0.5952493538158601 0.4218911835641572 0.06612912144508892 0.06561145055328996
0 0.6319435599975087 0.43473874089305353 0.08765202395173242 0.07832373715099585
0 0.37961646366197366 0.39894530593708 0.043014414078469954 0.0443258127042858
0 0.5491039559963972 0.39790703707309993 0.04945943712310916 0.04373547804786779
0 0.5035388413161794 0.38543168680409184 0.026243620004599347 0.02369646685796982
0 0.48345508091974143 0.3788972856478724 0.023584223924264104 0.019665939017824412
0 0.40543781570596765 0.3791941086218154 0.02139576672532962 0.02335060097255315
0 0.4551881928962464 0.37279834915116383 0.020038944721611815 0.015299001863391984
0 0.4279162702459053 0.3690779043665613 0.018653227087911384 0.013916403433910679