0 0.8761058192904232 0.5239732430943762 0.24778836141915372 0.19459541149269918
0 0.7301946158108902 0.47390620286630164 0.1331770141302126 0.12092427750603311
0 0.6756221992698539 0.4487153442024835 0.09938170338690719 0.09442114806711266
0 0.5436118399619276 0.4053814273658969 0.040197065202115696 0.03894001204713465
0 0.5066309232548037 0.4095745664654356 0.04118370873364677 0.03795276988636364
0 0.4777479444676896 0.40058178496151026 0.026085068335420073 0.03592524523842253
0 0.6282629105075889 0.4161823231686828 0.05875594481423753 0.05587330032303885
0 0.5691412039107215 0.4017386636892488 0.023016591980529435 0.025981078982236682
0 0.5864316202633125 0.4111040251462457 0.02267862789375511 0.03904692798066349
0 0.5978689497840862 0.415598163623381 0.024524454785874897 0.04561468070320137
0 0.6374979588406454 0.4326609800754521 0.03715184508828189 0.059277904581347754
1 0.6132722419495478 0.4369052502882912 0.022695645872725878 0.09109834165750244