0 0.6649293688994787 0.5504258380490897 0.2962128459091374 0.25466182108382207
0 0.8202508410175414 0.761128773321038 0.3594983179649172 0.44973620641266493
0 0.2419631409040749 0.49352769301667127 0.20683423320679808 0.2270940070278134
0 0.4596971213963806 0.4466228764777309 0.13178815241242078 0.0921695295317082
0 0.0390384437322909 0.8022137862845949 0.07800340685362905 0.37722441224874753
0 0.36657717339054835 0.4161805183656754 0.07543580997994175 0.055153676142091275
0 0.17462567433117845 0.4053658553465604 0.058475472550848326 0.05739989518420088
0 0.3355663733119762 0.4072582285891297 0.0420012704095973 0.04982076665406586
0 0.416561822275207 0.38642758008671646 0.028514397310021464 0.029756070581699046
0 0.4958926284303455 0.38415158925284854 0.08193153761881644 0.03150210562339626
0 0.26400970184500844 0.37298325942292127 0.02176981292000971 0.0132781892927511
1 0.4349959116925593 0.3885630498533724 0.022894521668029435 0.042033235581622676