0 0.7831403680834143 0.5487304717331455 0.28094153041636855 0.22873980838182734
0 0.16227029720877198 0.46346817687809294 0.1745536099275603 0.13133080147811277
0 0.37524859474412947 0.426982070460464 0.07254657137130775 0.07354238142832051
0 0.25069647077059803 0.4378436732734986 0.10421539581124156 0.10680379709074107
0 0.5300259781195702 0.42262848288199534 0.06143255849793029 0.05703123806741813
0 0.31376922432750537 0.408222918170172 0.04594856817412357 0.04492059224744929
0 0.5079534847231449 0.4114929825679298 0.051574657125153314 0.055766294895146014
0 0.3352023582427305 0.4011232109480007 0.03113925837144828 0.03759285338579851
0 0.47809583986770493 0.40618429622109453 0.025426307859132257 0.03560631715657075
0 0.43397403445676613 0.3853931445646612 0.02187244480784955 0.021594602224996946
0 0.4594652202415934 0.39431879037985706 0.02424338364932543 0.02625919763410313
0 0.4012116925792429 0.38549305010634316 0.020094016099307544 0.020854424171783358
0 0.3485513283206319 0.38385236484680474 0.022207589200160978 0.01851250582309995
1 0.1812647447562666 0.3891027008683101 0.012543872449598835 0.019345937003604593