0 0.30628353440166983 0.49017966411213953 0.14499475287299418 0.1320824646413734
0 0.6563276788394956 0.5324837693021445 0.20883141281364984 0.17986803996364858
0 0.8277909535418158 0.7210203825203904 0.3436912605241977 0.523294965309598
0 0.5705403712374796 0.4780753276448329 0.12786460994991825 0.12758289683948865
0 0.47167200196111 0.4404649781108718 0.09660363060864677 0.06528220078812316
0 0.40037914659776164 0.42278652992882454 0.0531378158856296 0.04568806608168377
0 0.2408267853207405 0.41442272973083916 0.046449450713537406 0.043130108338297286
0 0.3566750177865329 0.4221450790748335 0.041908869271578594 0.05372552508133248
0 0.2718302741561478 0.397817453214733 0.03550364633904845 0.03150159848866691
0 0.31214263491813804 0.4115170118046646 0.07111152156103076 0.044413726001191346
0 0.4368058810542084 0.3990670033563966 0.035363909268320726 0.02741480852501833