0 0.9054340852252402 0.6212752445701979 0.18913182954951963 0.324076394298326
0 0.7997528350655406 0.5084681804578675 0.2241990470730274 0.17563450907448985
0 0.6561209178809153 0.43525478031162174 0.09432906043987632 0.08605876486322397
0 0.5600672524577754 0.4111553054168194 0.041491579444117944 0.0371338964557368
0 0.6092218631423114 0.42910287806715086 0.03601109153017682 0.05827088416613209
0 0.45392219998850164 0.40559103808211905 0.03828785756720155 0.042510688013578324
0 0.7147805189754957 0.4639660638564959 0.11470207657272077 0.09973630783961082
0 0.5185436832056802 0.4114795733290567 0.04634494734707175 0.04332625015273705
0 0.6007277706267886 0.4193371337413322 0.050941548382563366 0.053676840147314886
0 0.4904912666327039 0.4229053336970384 0.05144006038238451 0.04817365271604655
1 0.7136028598588895 0.5119071058047715 0.06385160681661387 0.17128755899468476