0 0.6214003231519573 0.5822059728299884 0.3678385749373978 0.2789284565348546
0 0.4712555730138172 0.48168223391297044 0.14860540906230835 0.1488523958715176
0 0.6162010560928557 0.3983805070058575 0.07012016190336263 0.05491615810002749
0 0.03919966378761722 0.6722367063878452 0.07839932757523443 0.45461687104792886
0 0.4142546509487748 0.390350699774331 0.04509941593896923 0.04140963885325025
0 0.7033058347413507 0.4053436159971056 0.0958490005206204 0.07188894322191165
0 0.7796964980692329 0.402639096316937 0.17777434978344747 0.07957280998938478
0 0.44435747198072106 0.38397279442929805 0.02833403667658933 0.032331867534976785
0 0.8727446187254063 0.41758783215534884 0.16240347162778515 0.059600740583761
0 0.8727520547338129 0.4174822288058254 0.16148989062180602 0.0595855265418805
0 0.7242627272524019 0.40642554319499175 0.06773494991823385 0.06798728726593048
1 0.48650858544562553 0.3924731182795699 0.017988552739165987 0.026392961876832845