0 0.8825304057884684 0.6934840108176015 0.23382109223285466 0.3851879190722752
0 0.6798302563895774 0.4908488731346988 0.22562890664924878 0.1785858243791239
0 0.3595574816425414 0.4513634675176029 0.08725352376967498 0.08415169962923082
0 0.535045857714125 0.44016056303171586 0.08290241082379395 0.08492552756330951
0 0.5667896785408575 0.46140199066490256 0.08877466159673958 0.10180983259064944
0 0.4639172183619302 0.42209918338182734 0.07625097616325123 0.05107849061430841
0 0.3287227253200378 0.4139517656402737 0.05433221849767478 0.05698487998686461
0 0.388205702150833 0.4157177579251436 0.058010347729711774 0.05201728649269917
0 0.4178369355221216 0.41054762376951215 0.01883358772134352 0.0364042489060209
0 0.4293348510442751 0.39129322458455523 0.029309476289413838 0.025141651679343843
0 0.4803562117519675 0.385966445460464 0.04821118583273712 0.020382490558941226