0 0.684015556329211 0.5404824623264526 0.2813267555767069 0.24130260956019367
0 0.8303966007560175 0.7548045944258615 0.33879557225125206 0.46698684170332355
0 0.13715997630104312 0.7396980501922578 0.27391628609118845 0.503398309821374
0 0.4866021593769164 0.4435602600157319 0.12977162171657808 0.0895304600630804
0 0.298719030272639 0.44567322194984116 0.1274899149759812 0.14301306760905425
0 0.3932468791721497 0.4144692220529387 0.0754071888334909 0.05515477990591398
0 0.20531047530965735 0.40079151500355115 0.0670536568392912 0.05545354192441043
0 0.3605593215805141 0.40440734087663427 0.04379319871729354 0.047871668900445995
0 0.44826117676978994 0.38457782107713984 0.03991883871307747 0.029992455028485458
0 0.2236320514320255 0.3850073343614446 0.05090878503008739 0.032431534425021384
0 0.5199923324273048 0.38229802673280183 0.08004448829083197 0.029699241660557183
1 0.571954210956664 0.41837732160312807 0.041700735895339326 0.08797653958944282