0 0.8459152758170226 0.5295696836529356 0.28218214607394726 0.2116328712083028
0 0.663971596044882 0.434844299495395 0.10137570148009506 0.09123279202368952
0 0.48822398275405 0.4205320624894993 0.05344418941320012 0.05188313444105877
0 0.7325792788289555 0.47604479001997035 0.13121730152544972 0.12366071684269611
0 0.6126848970976211 0.428040087747434 0.03882459763708606 0.06092191604808162
0 0.4491838656384148 0.40166518881640245 0.04060869068760221 0.04498878695281953
0 0.558251893237684 0.40800658046092225 0.04748764724294767 0.03821955258545638
0 0.934054632802918 0.6361426300317311 0.13062611390407808 0.29643817800930167
0 0.60330192709398 0.41691750445323955 0.05448757617666598 0.055355575427281895
0 0.5105805166997777 0.40704626118798876 0.05176674569130724 0.04434851444128788
0 0.5106516827936555 0.40739600516251223 0.05091055669651983 0.0445037573313783
1 0.7562676817300568 0.5290280786777172 0.06038463027966578 0.2027201573287054