0 0.8455991456475496 0.5710596287821511 0.3078694628187602 0.25095144441516987
0 0.24761030270443135 0.43997678635523585 0.11802361426739447 0.0986407476669416
0 0.6035806276909368 0.43742206532468075 0.0778353949209168 0.0735648743451399
0 0.7009560810379191 0.47639374346094515 0.17685373201783525 0.15834267654493525
0 0.33995366817795636 0.41699176985963465 0.05895327352054375 0.06589308931680718
0 0.38246882166515483 0.4024288591401668 0.040698122412867944 0.039829466699505135
0 0.31064502781566206 0.4289364334658327 0.051990749206293436 0.07322888267121823
0 0.5800812940371397 0.42057855481159884 0.059178898983672325 0.06128991687286168
0 0.5512201491673268 0.4079865038919309 0.03368766329274837 0.039799187773017476
0 0.4044848463131771 0.3927140371074658 0.02255261499961672 0.030260192334127568
0 0.5179253466677101 0.3916375243186018 0.031409549791113045 0.02866358304886058
0 0.486847647466527 0.38318472197561554 0.020722109279180296 0.01886645603273155
0 0.44396688191498873 0.37598319999866353 0.018765590664605477 0.017467420471728373
0 0.009146897790866705 0.5474386951673998 0.01829379558173341 0.1279730027721774
0 0.5358311051924699 0.4029408265651729 0.026600199065438472 0.036001315447825026
0 0.46990941843826656 0.3776315668577789 0.018861410370247342 0.016842869136806573