0 0.830142853207405 0.613699830056169 0.33924537590070525 0.3038407938221683
0 0.6543746286986406 0.4861294475119135 0.1468782339150654 0.1400880338159824
0 0.5736291593737224 0.4345137073147681 0.0715465779589125 0.07017769165635691
0 0.40964468755589484 0.4084275470334647 0.04950659838447976 0.05603498680733749
0 0.24580663398748914 0.4222944302526271 0.12571092482385143 0.13476407376435728
0 0.317895447925184 0.4200974032792644 0.05037601249488961 0.07659023132025904
0 0.5281586666528261 0.4191243310594605 0.047887295265228946 0.05073751708745723
0 0.4915101994087924 0.4054813329075788 0.0408373105165321 0.04129377348332111
0 0.3472164026168362 0.4037523614579515 0.03754330851070625 0.047463634263501954
0 0.4569787737393321 0.397258844310354 0.029987625284265126 0.026392335416284825
0 0.37774091768927587 0.3858684789633355 0.022471118343724446 0.02091862146222813