0 0.2650311611172418 0.46366552686644674 0.1353879665022294 0.11884577090206501
0 0.6553353460129421 0.4620108804861238 0.12207585207673242 0.10318691220101722
0 0.342267327296958 0.44716483943040536 0.05169101318958248 0.07547999407189333
0 0.5958475033377197 0.4435226276356687 0.06831296233007972 0.07293817514548204
0 0.45237453707104713 0.4154644590435606 0.04142460546236202 0.04182960607206134
0 0.9083637727252402 0.38981468819686277 0.05411487744659648 0.02590068321190738
0 0.5290677810631516 0.4040795081055642 0.025667853367104455 0.024124249917903837
0 0.5024304019556802 0.3990824411341871 0.018187029285696033 0.017747478168148215
0 0.46847898494193324 0.4098321014135814 0.022386926758611 0.0328695496739064
0 0.5219779712492973 0.39973394518840116 0.02287900087195932 0.021029564642137098
0 0.4686748663714355 0.4096581542014143 0.021682252673369786 0.03276191778546554