0 0.09782250592285556 0.49629632049292066 0.19564501184571112 0.18959831468986743
0 0.8949616900839381 0.716590709816792 0.20957157013363656 0.42199665267213465
0 0.34757595109042827 0.4558177810027569 0.12480471744365801 0.12109324286527065
0 0.5607567550896234 0.43111732162222016 0.07247308464393397 0.06765266783892351
0 0.21580177238508022 0.4506288231992302 0.15242839073998365 0.14088954533999268
0 0.5340431693725087 0.4159971145823787 0.05995204423357012 0.06393617572206439
0 0.3118267418026242 0.4107073712092574 0.052800400765918847 0.05219606640052236
0 0.41216076580306493 0.3808924431674991 0.021043329870515638 0.020920769326964198
0 0.4999906176538226 0.4089707778229625 0.028752000236355275 0.04043134612887952
0 0.34156599692019496 0.38881906339733013 0.03539811989760067 0.016891762891006842
0 0.4536402055891634 0.3850035457667018 0.02302003550120094 0.022339433985138685
0 0.42853693989389563 0.37967963046225867 0.015178190716348119 0.016163875397116324
0 0.47195307309765944 0.3928887450217268 0.025284824075020442 0.02790765398758248
0 0.47962596079217346 0.39652584072198804 0.02337716352910364 0.029534094727517106
0 0.4948053991609388 0.4033317379471377 0.033423560229072974 0.03477774850317693
0 0.36377272524018806 0.3855648693334555 0.024114975262545992 0.0200734665200391
0 0.4796675076176666 0.39518305236876067 0.024238193415269827 0.02885772615583761