0 0.10310869252131011 0.4836681138501955 0.20604782174428954 0.16068116427633186
0 0.8631783685816767 0.726440519181864 0.2736432628366466 0.5349939072236987
0 0.5908810731727182 0.44736981135542675 0.09118248104366823 0.07920892590534885
0 0.3171552157460522 0.4243362143358993 0.07147501261626124 0.0634645702552236
0 0.22975506786430652 0.4516672859676656 0.11378455298510323 0.1109017141869807
0 0.4188936721664516 0.4193183250091642 0.05884095984994634 0.05766056243508676
0 0.5471691215808335 0.4193307498100333 0.05165535528349857 0.06003833819228067
0 0.3580090576571124 0.41525259605251097 0.03839208645013543 0.04777817712151759
0 0.5159484164595897 0.4109756305653562 0.023537561723860383 0.03288124360413612
0 0.3965757904926091 0.39565270387532075 0.02959768399778976 0.026607987002077223
0 0.509274948257359 0.4048256673654387 0.028791426052739166 0.033144774674670086
0 0.11659883887477322 0.3920876362223546 0.03797014287915858 0.02755638860887097