0 0.23405148996647906 0.447763064506583 0.20635421141580004 0.1429145641457417
0 0.7477231591038302 0.47528053798284 0.1565539780349295 0.19050125315974767
0 0.6523883410973912 0.40901125910694647 0.06398834952154027 0.06228551184093964
0 0.4239523537511818 0.3985644179238835 0.060839000336965966 0.05571975782586449
0 0.5377263141672629 0.37971908256105663 0.02937852137418234 0.02801677744875672
0 0.49736213840038584 0.3761035550025202 0.02603426392899121 0.025462339817021017
0 0.4449971184219772 0.390044987026897 0.04314716429566128 0.05008778800479594
0 0.5968111900647741 0.38771045196324383 0.036202880659750615 0.03305226733374572
0 0.5843663313110052 0.381460926283373 0.030741007719874286 0.03375679679863148
0 0.5668435771252811 0.37790236188752446 0.021695078540218724 0.02680445696251833
0 0.5092837566834245 0.3617203042187882 0.014499966862351799 0.014396272213694404
0 0.4641019956849193 0.3778420426861865 0.021434369091118153 0.027806853502260507
2 0.8850386363019342 0.4806337850650851 0.22786619696379293 0.6090335939170561