0 0.7034629890398226 0.5375862606343169 0.2564226651133228 0.22072520027645406
0 0.06435742045243256 0.4791378494814577 0.12842302848010012 0.20405812790200392
0 0.5417453020396822 0.44776263195049026 0.10484512341578087 0.09793186280967436
0 0.22555588779153146 0.41212742303007394 0.089359673338646 0.078959027809598
0 0.47141645779301666 0.412557667185018 0.06622633852143807 0.06464192827659151
0 0.34183123534757004 0.39246084263597414 0.03929057086186631 0.040700217029799
0 0.42508577111307366 0.39588322644126495 0.03925461351920227 0.03534123485039406
0 0.4041899387113208 0.3865936219633966 0.027872530047462693 0.03377299527851601
0 0.27204186352958276 0.39680270645275845 0.03493059958382308 0.048504692368493404
0 0.3849033658268602 0.3842636212808529 0.017274446401650653 0.022450019187591642
0 0.2992925636123071 0.374623422632003 0.020278069783894626 0.02104003548272544
0 0.3783581438165947 0.37992441246353403 0.022034265326361917 0.021360842946221287
0 0.28927816919683924 0.3872240948420699 0.024120115590504906 0.03293834100836999
0 0.3293778800808399 0.37289422744646566 0.02044131262616261 0.020015951475439882
0 0.28551218028158215 0.38788629347278225 0.028883802237709526 0.034513561140640275