0 0.3112206447348669 0.4679611220970415 0.16837291452403158 0.1553702405703965
0 0.07938301417053671 0.5069808288753207 0.15876602834107342 0.22045319707279448
0 0.9443125814467498 0.7781585365213374 0.11137483710650041 0.2915886872441654
0 0.1814012971941994 0.45129731626687747 0.1574520444831006 0.15653142994333455
0 0.5639882247562985 0.429239521045256 0.07702801408869071 0.07261166987414468
0 0.5358157590677382 0.4131302968730908 0.06395985314033115 0.06770445524422654
0 0.5001730493902673 0.4054238029472523 0.029781113856168235 0.041439798453919235
0 0.3074117490529819 0.38795906730644397 0.05754043192329313 0.019192096191883553
0 0.40837743451920866 0.3758803858901515 0.02168651964463665 0.02011743808421921
0 0.3371225452189161 0.3840500429811599 0.03664649595321443 0.018475246336220063
0 0.3619825062163034 0.38160155176067634 0.0239151762044537 0.024998997663123166
0 0.4526616717983442 0.3804287281204179 0.023926679559740392 0.022183027668316226
0 0.4785947760693479 0.39105352884630074 0.02566051717089125 0.030293782552083332
0 0.42655377142368917 0.37378260816646813 0.01627023592408524 0.01606364170943304
0 0.47034906619704364 0.38765779944575546 0.025218698496908217 0.028755105951780914
0 0.38548584483435966 0.3638730911448787 0.015915353670533525 0.013080108433757943