0 0.3339069332144637 0.4279288462529784 0.09339035171421453 0.07913586867286779
0 0.6706592126255239 0.4523561091716688 0.11102245015778311 0.10161598779821909
0 0.4492756679032732 0.4005346960103174 0.03847884819922833 0.04037159372518023
0 0.36776341635578497 0.4137919436218918 0.05806574349703598 0.06566562447496639
0 0.563730634438241 0.40854451616721654 0.04692101342114677 0.043044044591581135
0 0.5474374417096791 0.401163617653348 0.04010883122317048 0.04291296517977151
0 0.9779407067661489 0.7195924104483596 0.043830528477616516 0.3092853027821053
0 0.3957642175482612 0.3997282026333776 0.025134681583133176 0.03535794046500794
0 0.47098165092561833 0.387471457264174 0.02176205252197465 0.023704909159640762
0 0.5244303817936171 0.3968474536347599 0.022209410772690105 0.03121288967039345
0 0.40667386495569935 0.39296363688867 0.02066489193932696 0.031089745425525415
0 0.5068058940297936 0.38912203165093473 0.01925187567073794 0.023316264968230693
0 0.4424866670872087 0.3728434095634393 0.017772459340504906 0.014440243777874512
0 0.48681458467747085 0.38141735744383093 0.017113848582507155 0.017620813811629398
0 0.4871535718392273 0.3834702089967849 0.017904111623569093 0.019604247569571725
1 0.9470081594471842 0.4800559124988545 0.056384606723988144 0.1841061947282808