0 0.10076942935110796 0.4954859490268741 0.1858827687635445 0.16896240592352457
0 0.693867444017337 0.48006953055791024 0.15542520194002965 0.13800308361780608
0 0.29482901223058694 0.42228386991767475 0.08781848573723681 0.07607241693013807
0 0.5722317138073002 0.4197373525371533 0.05008251474026472 0.059545820875717866
0 0.35729792073235 0.4063285462201399 0.04846129023629139 0.055357932112200636
0 0.38959189389245197 0.3944897246151026 0.033436386095921915 0.03526239031570748
0 0.5084812416956255 0.38413012552121517 0.0280800645505417 0.026984101982526883
0 0.4067944380852987 0.3849851994220812 0.019206785512379906 0.02777365109321542
0 0.3390943226225534 0.41526567714538276 0.03521556339591425 0.05862468521849035
0 0.538720718096829 0.39588814863128513 0.031843133959142476 0.036516892478845916
0 0.4476427653726748 0.37356115436274284 0.01872337010680703 0.01862231540773155
0 0.4802377596314774 0.3769698902775232 0.02027500055894828 0.017700612952865347
0 0.560553836900488 0.4076906056930825 0.047914394275730784 0.05053027797188111
0 0.012649769287857967 0.5105753849212259 0.025299538575715933 0.2473429421642076
0 0.6309330613517605 0.4397867898204576 0.11003530756528516 0.10974538734115347
0 0.46636334073806723 0.3723952963671493 0.0165063416675184 0.016104272150690373
0 0.560481348295048 0.4077119650146246 0.047555419722250615 0.050429805632560484
0 0.013036242100613486 0.5260495272549716 0.026072484201226973 0.20974236243165018