0 0.15721597616923996 0.47915986509500247 0.18239087582804195 0.1341833150048876
0 0.57598500162095 0.43863584755219787 0.07395908857892988 0.0677446978765732
0 0.5476314766136039 0.4256190414652447 0.047727795380212594 0.05140744206492852
0 0.5256374605542212 0.4140706589028516 0.034258838569347916 0.038299620209784335
0 0.9796298784207635 0.8345893569006598 0.040687542320369995 0.3123560930626833
0 0.4779257349371423 0.4024598540215665 0.02829965137597097 0.02810707726203568
0 0.4499753513788456 0.398151983147376 0.024169372907936425 0.020187124362322825
0 0.5028008798644471 0.4090759187849386 0.02993986514973426 0.03158121864117485
0 0.39936132423232445 0.3947993303673708 0.023152261704377043 0.022678677287619135
0 0.5027895012744021 0.40889273873755194 0.02978685305728741 0.03226265856014785
0 0.3605887162714636 0.4051808406647116 0.05233033524121014 0.06940371456500488