0 0.18108343590699738 0.4539596691858733 0.15788275281230835 0.1188789733111101
0 0.8945178502130392 0.7289431246611147 0.21056884366376227 0.5184274563458425
0 0.561076253920623 0.4226241871525232 0.06885369488769931 0.0639129370188783
0 0.5343523625945421 0.41102831291429925 0.04460626884454211 0.04915835920317082
0 0.46861734959500206 0.38868585103651176 0.027185946922271054 0.027243009177587367
0 0.4923511171379932 0.39541045754769216 0.029645668709755723 0.030362902032548263
0 0.5142887393081178 0.40041359522009407 0.03335109657668132 0.03665086554175831
0 0.44031168453438013 0.38457328669603036 0.02316067088166905 0.01940586839603189
0 0.388378876306342 0.380138169751955 0.021583089259249795 0.020596232931634897
0 0.4238798401926934 0.3817657590028944 0.01905462182357676 0.01807085113674548
0 0.35609157808667213 0.3895405669599218 0.056418642681929684 0.06940371456500488