0 0.11711730707500767 0.5134283757512753 0.23423461415001534 0.22832151172447765
0 0.864407356118727 0.5908147191022498 0.2707303437851339 0.3719424847167491
0 0.6579823903343469 0.4361632226848882 0.08295231692048242 0.07878057604777615
0 0.38514362625284265 0.4207995611435041 0.07218425310934945 0.06567182941753727
0 0.5813084350486125 0.40612834732786535 0.04060015674506848 0.03712470836769917
0 0.41070352025628576 0.4108898203860047 0.04700725115622445 0.056420200381460776
0 0.4756731484039631 0.39680030502065766 0.03123697450876431 0.03132293790666239
0 0.5062700273166011 0.3920196801686217 0.0268896544262316 0.026019651053121946
0 0.5673305608167671 0.3999720747752856 0.03541386527110589 0.038288403582829304
0 0.5469744878037485 0.3964468470300281 0.020122786964048445 0.028535755265609725
0 0.4697075482771617 0.37383554408277586 0.016761960694756745 0.013772973799868646
0 0.5324492934095206 0.38975954475290964 0.019840168738501637 0.022602965055672653
0 0.437004108070255 0.3950417109365454 0.020994047600035773 0.032479503404126954
0 0.4320789003411182 0.3976737700133263 0.02196477108672322 0.033744536070763075