0 0.07927033868073832 0.5022995725987827 0.15854067736147665 0.21471049289199964
0 0.7201231662503833 0.4876444379372098 0.18845849649299878 0.1395662816738453
0 0.9379232036999182 0.7149336321729136 0.12336088416036387 0.3091764776354778
0 0.2709483086624208 0.43468587955538246 0.10365516244634096 0.10395701120326246
0 0.6404344335697951 0.4430515143878299 0.10259500723438778 0.09622052174975562
0 0.35631132710691565 0.4068126808979411 0.06358173959877095 0.052940331363025415
0 0.18853588213417632 0.46215028287378573 0.12230485867791165 0.13269922996662695
0 0.5855382761795406 0.416473164935965 0.052061291473962594 0.05490374821488575
0 0.5346801707906403 0.3926780156259546 0.040608341344925386 0.03580457700429191
0 0.5652447854117693 0.40877323393015336 0.04516112482752453 0.048595976619776396
0 0.3962872958241772 0.39198331562538186 0.03184398236278618 0.035156548314546676
0 0.4970425647102412 0.3820237563385875 0.02319266068964636 0.021792533926716765
0 0.47877785658504957 0.3760629096455355 0.022102961068453598 0.017737395136470553
0 0.40685849256039835 0.3748399691614354 0.020651467199317763 0.02370237348599401
0 0.45059229054610844 0.3705493557837702 0.018612229229481806 0.013013315806757087