0 0.6120220193683565 0.4772657317966077 0.11653073576757972 0.10420965379284274
0 0.5628610955625895 0.4498475672329393 0.06808554024747036 0.07169894668713343
0 0.5308489047009147 0.430348878265709 0.046831082634914145 0.047780474143527006
0 0.3982920237281531 0.4068503729409137 0.02998258476849959 0.030827735759179496
0 0.47243593953616875 0.4129258917457081 0.03322992457392171 0.033387781704392716
0 0.44214416154563574 0.40760847969838254 0.02543474198947261 0.022376902292201246
0 0.5015796277723835 0.42230663131758617 0.037009562806623056 0.037847464851386854
0 0.3556348000602067 0.4213232970773766 0.02079060539688522 0.05187612404921188
0 0.3627623139301091 0.41070544708043133 0.021869175958516455 0.0386536897452346
0 0.4253274413862876 0.4034751079182704 0.020354725548408115 0.020676181230144183
0 0.31766148814390843 0.4237536656891496 0.06623058053965658 0.08113391984359726