0 0.15270784304752177 0.4658229973309201 0.1923660378132506 0.1470221764647483
0 0.8548593217002888 0.5815229667596453 0.28871171004637675 0.32449096202384226
0 0.6667585521083529 0.4625096624081669 0.131626880860972 0.10187611808292095
0 0.26086253605216425 0.4444187048709754 0.08499612129816538 0.10019708448840726
0 0.3153354148833555 0.42637680516098486 0.07816687121512163 0.0844359635607588
0 0.6177633664496882 0.43467041194613726 0.079595932293796 0.07909783356816655
0 0.37632151344031073 0.40588332667495264 0.05229769665397588 0.0471058656276729
0 0.5341404862610512 0.393920182482588 0.03651803766033831 0.03297354212487781
0 0.5758628814023533 0.4148102104955172 0.04266676820893806 0.04752636981266801
0 0.5596440238048088 0.40843891281769307 0.0382322621754906 0.04253864008660191
0 0.4077215561200046 0.3931766036435423 0.027719592814160875 0.033652207718566716
0 0.4999608486671479 0.3848548061337289 0.022718902113782708 0.020337266073665077
0 0.4829184406620503 0.37827629917178335 0.02214213735435405 0.017794224057612416
0 0.440154230799328 0.37341503989778074 0.019042419782936425 0.016302203852410192
0 0.4576661553620707 0.3730868789807093 0.015112763823589535 0.01377395823787268
0 0.4142718935051807 0.3760183265365347 0.019586770532565925 0.020257168617882453