0 0.7246417391037024 0.5240053119081439 0.2239298036813931 0.17778174735001223
0 0.6277859579415372 0.469686260204744 0.1183272554361713 0.10850947017427297
0 0.5511792012149939 0.4287472274646032 0.07048357809944808 0.06745748063103311
0 0.3461120805093137 0.4172800461218154 0.04202961707251635 0.039588697028882576
0 0.40307615939847585 0.41625360542961115 0.049286387732841885 0.048518802646551194
0 0.4894189842392554 0.40792443955049484 0.03542609226479456 0.031995070411779084
0 0.46160896157789505 0.4008494327727884 0.019410726776497342 0.023465660893206255
0 0.4473980258745145 0.39891790574596775 0.018247964629752658 0.020890908040841885
0 0.47310884839086775 0.4042166134712167 0.01966340134403107 0.02649835640617363
0 0.42404575301113423 0.4055210236580141 0.017707606367858238 0.028592584186751587
0 0.3683565004088307 0.3998044965786901 0.02698282910874898 0.039100684261974585