0 0.3425055290964521 0.44513961180447364 0.1304262649398891 0.12415908112437378
0 0.16181168825238432 0.44381676577869167 0.182457930907205 0.1411534642194373
0 0.5809362603325583 0.44633152757571937 0.11526970851645543 0.1112894932662054
0 0.5028540049043719 0.4076019913569923 0.051783114891021054 0.04556868060010386
0 0.27642497875996525 0.4075435515372984 0.07359008290001533 0.0651825040666239
0 0.4779248116743535 0.39436125545557643 0.03625752783562449 0.0412373622025446
0 0.40777898556076886 0.39694273530096835 0.0338530770502223 0.035967486578231914
0 0.8215739264998978 0.5922823222618065 0.3464640931623058 0.30475390481809017
0 0.4482361239092523 0.38605015252226144 0.02342906586965965 0.026323961722186585
0 0.39794768413752685 0.3792991451737002 0.029510048892004804 0.020209706773506232
0 0.358841266772441 0.37565824596296893 0.02238480574950174 0.019678348902966155
0 0.4549857238619813 0.390218039295424 0.018036213061503475 0.026598142622036903