0 0.734262062503194 0.5300461367311599 0.27523162417595054 0.23526060639471835
0 0.31584559243327753 0.4636496714482909 0.16118424073263746 0.14405427487131903
0 0.5198031384147588 0.41512731885863424 0.055209218334781276 0.05077394129360643
0 0.2395947223204818 0.43283430082707114 0.08310399402484285 0.078796207730022
0 0.49782666434836215 0.40685229706973974 0.034758248878909444 0.040430630173967495
0 0.4401277805680831 0.389780963737361 0.026301461170661285 0.025706032970201003
0 0.4620257024382921 0.3951702099275263 0.025240707085547834 0.027493086262066226
0 0.41307281219657094 0.38582811700517017 0.021870748000562143 0.018852196597400415
0 0.48103463523035056 0.39934668815963315 0.027939329357880214 0.03248230756086572
0 0.39702216309791494 0.38325485572553913 0.018214876887648203 0.017196550863346163
0 0.3720434131138849 0.38020940726570135 0.017738872537433566 0.0156870494257087
0 0.34423548650858543 0.37927663734115347 0.04088307440719542 0.03519061583577713