0 0.7884173638881081 0.5137470353500351 0.2167055468430601 0.22752548918812623
0 0.18642692222813553 0.4797781667401714 0.24182113310594786 0.16343445838488208
0 0.6516538481193785 0.431294565210128 0.07105809708452576 0.06712360699039284
0 0.41019895714224114 0.41986092933811403 0.06429804180454057 0.05901849025155792
0 0.5894116131087745 0.4071836946996426 0.03715728485282093 0.0343250860100501
0 0.52556242673785 0.3969612308028623 0.028898175193555805 0.02887989092665567
0 0.487910472654653 0.3965895159619761 0.026922293013465864 0.026968380805917035
0 0.4319859751890842 0.4116322805455004 0.0426164129573794 0.0508901348095369
0 0.575712589192176 0.40176399059426166 0.03137755998313573 0.035952660345262094
0 0.5581400037689084 0.39789673030551226 0.019801341795278003 0.027799664121685608
0 0.4533581363306802 0.39744945238995294 0.02039387688126022 0.03021997953323558
2 0.9178477776216272 0.5558096996616875 0.15997239593979967 0.5419798969406769