0 0.684290513968916 0.5401644739354228 0.2807425049027749 0.2418532683819037
0 0.8308010647166292 0.7545672852039803 0.33805311925081766 0.4667821382613942
0 0.48741483025539145 0.4438952970831042 0.13022027752580745 0.08954889590206501
0 0.2931924416018819 0.43589837903034884 0.1143852976239907 0.12451559683910679
0 0.20592009699549327 0.401734427622686 0.06704249035015715 0.0548116883457814
0 0.15334495687621202 0.7061869601699964 0.30606966781889133 0.4811127514433651
0 0.39356965932900656 0.4146350252779814 0.0760996109719951 0.0550934464351173
0 0.14655643316535608 0.38987399312874205 0.058617393013306165 0.03743543279951735
0 0.35994506486594824 0.4050535200161901 0.04569574388829978 0.04895514733397483
0 0.44892071079057644 0.384602760173242 0.038631910197771874 0.030487060546875
0 0.5213238021339048 0.3822135142217284 0.08203319633777086 0.029896785553366324
0 0.32757605788947514 0.37965006749068303 0.026550692217523507 0.026043695205584066
1 0.6493230088265919 0.3991536189850241 0.04164269510489064 0.05200705430374817