0 0.23893302362275143 0.4949590062116248 0.255944764331434 0.21876637746861255
0 0.822865246751712 0.6744573598733046 0.3530268446890331 0.43243396270543133
0 0.5651771376977079 0.432688499592383 0.08311555976275041 0.0722746639307643
0 0.50270845377338 0.40121030387990286 0.044130863367487734 0.04563287789054863
0 0.5372176462767656 0.4174443130269428 0.055725596717216885 0.05560225172592864
0 0.20747811542801065 0.41944023124866353 0.12967583944050873 0.08729241483954973
0 0.4616621365239166 0.38971296293644614 0.029001231283217497 0.025113848763593596
0 0.35546559343938444 0.3934235335095537 0.028281011448857828 0.03036689944747373
0 0.3966039375311414 0.3856991108794599 0.025776673610933668 0.02355664682994257
0 0.425875921865418 0.38254849162619137 0.01830236227514309 0.017398778294538123
0 0.3793124606739958 0.3801913741513548 0.01873035696034342 0.01698015349118707
0 0.44785581449943784 0.3866347893708379 0.016710856851747752 0.021495979435865713