0 0.8170198454587847 0.5090834542103877 0.2156397522421811 0.1797736234096255
0 0.7156486355273917 0.4626470959198207 0.13836165870298447 0.12323323209730877
0 0.9398997845653618 0.6001967265109512 0.11986047053863451 0.22373608899605937
0 0.5298729161210267 0.39871059205175496 0.04506884845474755 0.041278171632529934
0 0.6356226873514794 0.41781386508736557 0.07528070183143397 0.07332989197672288
0 0.49575251706389256 0.4060117809187515 0.04464863912063062 0.04040613854968536
0 0.46361581049098016 0.3927294003066196 0.03149314250306623 0.03868268591917155
0 0.5988554935034239 0.41271912993340665 0.028004007659188472 0.0498973439981977
0 0.5626459503797654 0.3976875819768374 0.028776803566409444 0.03307625182329851
0 0.5927227329057645 0.40498598160282256 0.040878283421913325 0.05000956993065738
0 0.6780979159613272 0.4281138311033724 0.07406688574777698 0.060707129574474585
1 0.6411253335723502 0.45838865576601445 0.030688506506158012 0.11102679747640212