0 0.8650426357765229 0.558440222418553 0.2699147284469542 0.23708551580255682
0 0.7598041275535952 0.49337368813194954 0.1544180969088563 0.13730959179114735
0 0.6764217448448998 0.44479271673387094 0.11190993027519419 0.09812012912008186
0 0.4878534050330897 0.4276856005716184 0.056155437927994684 0.05448387049043866
0 0.620244622717894 0.4363070848750229 0.04311272908894624 0.06439146338320198
0 0.4487305186560967 0.4065711505252245 0.04328555390177841 0.045989930571465665
0 0.9769584549711263 0.7090537927950116 0.04608309005774734 0.19853960710303642
0 0.5593632271517912 0.41400156925384135 0.05266405730976594 0.039279702821435114
0 0.6076148868289427 0.42416444481992305 0.05582520928620707 0.05851302608366935
0 0.5123244103894112 0.41286071001725927 0.04490909903924775 0.044770987502291054
1 0.8213387689723017 0.5715982804433575 0.07174480497495912 0.24555371117615163