0 0.6264982309286846 0.5716848364090756 0.337307023105325 0.2525322728609176
0 0.4883940377785159 0.4828650958377245 0.1409804312206153 0.14060951747502748
0 0.06671780207097676 0.6389796908649881 0.13321696238886208 0.4026718661698894
0 0.6289493189614421 0.4053152015365347 0.06841027921862224 0.05393449442127932
0 0.7128332080357599 0.41183968373407714 0.09340929107790781 0.06848529357015212
0 0.4303835278539899 0.3958488009425785 0.04377076592683207 0.04020847533105755
0 0.46190208503679475 0.39030565427778285 0.030811724658881847 0.03245352020711144
0 0.8759644852246014 0.4292695613201063 0.15931004222455028 0.06732368655684873
0 0.7881248393023687 0.41069142629673755 0.17391341451924058 0.07695882877413246
0 0.7323436721464892 0.4147967266780074 0.06143909619659648 0.06430352025484176
1 0.49427636958299265 0.39882697947214074 0.013900245298446443 0.02541544477028348