0 0.7410151309296428 0.532430803554382 0.23506525122329824 0.2103143507434476
0 0.2160911154571558 0.43348162847763166 0.1478402986939774 0.1199860782567357
0 0.5774681359553864 0.43858497000626223 0.10051008023303352 0.09738341151560972
0 0.3897400276639475 0.42282601185907714 0.08424715555211314 0.08749908715748717
0 0.30417699806044945 0.4075098121620693 0.057546794950620914 0.06254265898017473
0 0.5087469667074432 0.4065229578102089 0.048814600447797424 0.042683859607924
0 0.48536795665276217 0.39436486506159124 0.03400077414337183 0.0391062030810881
0 0.34646723724639716 0.3918923147729182 0.03119904587528107 0.03468345127497251
0 0.4627523352060762 0.390686079903432 0.01924438975623467 0.0241963823752902
0 0.33171132696717853 0.40217985598805595 0.030564789292467292 0.051445596495448435
0 0.4566039540001533 0.38566856346988027 0.02221969142860793 0.02472860535801564
0 0.4119593697498786 0.3747716402145192 0.025035468262916496 0.012218367202773705
0 0.3694151584378833 0.3767783126756476 0.02125750188445421 0.01959115156097263