0 0.8435148175193555 0.5517733099406998 0.3125563439831613 0.27828227739529876
0 0.17346718227483168 0.4607358841136287 0.17574640930624935 0.13583529147001772
0 0.6555071227977438 0.45740554526171495 0.12291417468890535 0.09644730046813905
0 0.9649807422354099 0.7642877155501588 0.0698614486981296 0.2534861037924609
0 0.2704380936829262 0.4418859248753284 0.07889340417071239 0.09456842595880682
0 0.32037364744496755 0.42539188985367793 0.07334980999750869 0.08094723460028715
0 0.6103615437193377 0.43179600213163644 0.07559006972480581 0.07472155916842314
0 0.37731687806223807 0.40578436082409275 0.050486529546006235 0.04592630007865958
0 0.5723943577764079 0.4139290639032716 0.042666368960164555 0.04698358649499022
0 0.5314466799270493 0.39401004973977427 0.03562606599422526 0.0321157386459097
0 0.40692430622540626 0.39353492416128266 0.027260257100240187 0.03274900076559445
0 0.5568121023482215 0.40762569244772573 0.03877054933437245 0.042011786765716645
0 0.49768403272402645 0.3850317961542721 0.021982088502274122 0.01982834145703507
0 0.48012325009262574 0.37863403797615774 0.02068996975291292 0.017549009500244378
0 0.4406301602903976 0.3737805199646414 0.018499591169255928 0.01604759238682185
0 0.41427416423257996 0.3778561678799716 0.016745366917607828 0.017453280362215908