0 0.858030779285696 0.5450092513307215 0.22561338585317867 0.21118241624282136
0 0.7608236092967472 0.4530108648544416 0.1081936727852872 0.09265810909625488
0 0.9299969677055652 0.6458921609619379 0.13960501919588103 0.3459662384301686
0 0.7015475680958708 0.43871075433486834 0.06263794045124693 0.06934074036420149
0 0.667074607418681 0.41128326744161625 0.04719814197605785 0.04580402094597691
0 0.6854795766286156 0.4267881212579423 0.06106105751418132 0.0586507280784152
0 0.611421998367871 0.4042492639983504 0.03129471586263287 0.031315569537359485
0 0.5725406574988502 0.40343467138146843 0.029896945906582175 0.030838534745769183
0 0.5526408509748058 0.3981850513148751 0.02160185395160466 0.030781377678625977
0 0.5888583291678378 0.39785909792544905 0.01945184940016864 0.02183907099599829
1 0.6390024529844645 0.4222873900293255 0.018806214227309895 0.056695992179863146