0 0.8544444523185175 0.5038246311400293 0.24161382941856602 0.16398983057642963
0 0.7153845324637162 0.46501717516171037 0.11166029997955847 0.10832233745914284
0 0.6709184248917237 0.44362105652034456 0.09107368575288737 0.08711506684155058
0 0.551074098975368 0.4044542210076445 0.040898545297168847 0.03855515645046738
0 0.5139299394259761 0.40752841207405455 0.037689283843520036 0.03414260700184812
0 0.4878431243771719 0.40068814901312777 0.024361960535057237 0.037517857108764055
0 0.577067614576413 0.4019463651923723 0.020495186257537816 0.025915837590878545
0 0.6299982952077371 0.4187742291074811 0.05644189892298651 0.06170869083348607
0 0.5961612380145518 0.4101177674234787 0.029722623910849347 0.03854814605862048
0 0.6033212906594951 0.4134048804975791 0.027734913985844236 0.04353325061667583
1 0.6151045442894649 0.4328945305340451 0.024060677429348937 0.083282381208761