0 0.7870458944450123 0.5191418003593139 0.2647029349575838 0.18219781691028225
0 0.10788191641731917 0.48545358607496336 0.18078005518566265 0.1685576229151393
0 0.23383593929661947 0.44600365005746734 0.12671128005544766 0.1235413313611162
0 0.667330925131273 0.4543081005763914 0.12660153654882972 0.11268524736719514
0 0.34442090013430726 0.41020566580465695 0.07079082498371066 0.0570870527191013
0 0.5961514564196009 0.42052992954049057 0.060790865906709936 0.06117321622220186
0 0.5377632696318607 0.3936332038886852 0.042108818047960954 0.03826504555382453
0 0.39059253608410416 0.39381046239232037 0.03488491055230478 0.038064816830095306
0 0.5722715139194092 0.4111963833298968 0.050379306297271054 0.0540090133950391
0 0.49843511947918795 0.3825722672955615 0.024208299663353434 0.022495780639051808
0 0.4796892167697261 0.3758153384032487 0.022819163462029845 0.019832279209051198
0 0.02629408137971811 0.5121689066509347 0.05217002423591333 0.2155810642335655
0 0.40670246114910186 0.375559011629017 0.019594156634875817 0.021440880739094576
0 0.45146489864670636 0.3709019934093964 0.01968311425222302 0.013628380739094574
0 0.02604202744615731 0.5121342425006109 0.05208405489231462 0.215291102494196