0 0.7240140451726033 0.5477882004902859 0.3101475264142989 0.27441430115163734
0 0.32807243640366285 0.42413570221335073 0.10314504727903975 0.09849895876290628
0 0.10670600262510903 0.6832652460211999 0.21308000737881913 0.46079144519794724
0 0.14997969508073608 0.43828030135974155 0.14698084708811898 0.11219091033189761
0 0.2314732848671939 0.4222522784071817 0.08232155376443684 0.08788292848469574
0 0.48864556450582586 0.4024828391573879 0.04540925794025961 0.05287300176984054
0 0.3938966315979852 0.38556342250790415 0.03158369711550746 0.03110892705087671
0 0.28248382842842906 0.400492454670508 0.03954329533549673 0.046274701637722994
0 0.522425628936593 0.4236263748720827 0.07425253642745809 0.06509462060117302
0 0.45519802439729407 0.39069408964901026 0.026102236032680907 0.031237530451948926
0 0.4617633211349525 0.3955744112225455 0.02132971600636243 0.03160848459074108
0 0.35395076873355097 0.3816066976866065 0.02533824855152545 0.026747031412283115