0 0.24221640186824472 0.5069686725575436 0.2426824062843354 0.2121788763230847
0 0.8407685349246857 0.7024710348507759 0.31709131098924265 0.45994005548173267
0 0.5861044857995196 0.4668237829721102 0.1297227137418234 0.12488306069770283
0 0.10161141537050682 0.45851382854979994 0.20244339269297296 0.15089987776263136
0 0.4994204904052535 0.4204325447567281 0.055010991318734666 0.04784174795141435
0 0.3975431078881976 0.41236531396532106 0.04409068895965352 0.043115192610963464
0 0.47317594713786537 0.40603409484684294 0.03714994865660773 0.043231773935804615
0 0.3180794891332469 0.40024100533911444 0.038714829177419766 0.032914326687362536
0 0.44259431453776577 0.3965828486318579 0.023557075007665577 0.026394453449566226
0 0.3523831184243727 0.3882101437446542 0.02278689917052075 0.023895233840420332
0 0.38751325505928047 0.39786740598557396 0.031049826646182544 0.033526945440417275
0 0.45011027251124286 0.4019285856453904 0.019278525526369585 0.025733388414131232
0 0.3355081828032374 0.4005156933736941 0.020324956561733443 0.03288133309850012