0 0.7935925013494608 0.590659058571794 0.3978922758936785 0.3401039697790659
0 0.30075705801963026 0.44586733522536354 0.14414290570861865 0.1323296480747495
0 0.13305531967300327 0.4503916482188951 0.16888861605503086 0.1251431014880407
0 0.5370498370266507 0.43033099430863575 0.07826084439518602 0.06788821700497923
0 0.4011366462863476 0.3926871738825376 0.03512066695306112 0.03472014396421371
0 0.5016741499195114 0.40736836631976264 0.04663794604072976 0.05454398087159396
0 0.36351502263341295 0.3857557608118738 0.028632350369544663 0.027185225649896137
0 0.47365878862332633 0.40018709990053 0.021664386290755316 0.031787831296202954
0 0.22298584233905483 0.4287326398832707 0.07726259769617488 0.09046809251473913
0 0.4680230927486841 0.3953683206179741 0.027300880662944605 0.032431265941929376
0 0.4677418469407962 0.39473872776721347 0.026972149204057647 0.031877355491660556