0 0.16594261082097925 0.5236687683523109 0.29146588092345443 0.23433750186148278
0 0.6202555272000204 0.46396594453067724 0.14310124070548855 0.12997239635836694
0 0.8904211835011243 0.7558219663558468 0.21836312793847099 0.42392096048692574
0 0.39593186460356194 0.4186456107906815 0.06777956596867335 0.06743009535564821
0 0.29825485366733956 0.4221103552616004 0.0576076554355325 0.06184194794148644
0 0.503830068343405 0.40966790908709066 0.04679559940016864 0.042157513421768086
0 0.4703704260064263 0.39751494734867576 0.024238542757946648 0.02822016830668072
0 0.4524919162104584 0.3943189842843124 0.023321767761779435 0.024264457754841765
0 0.48419671046958046 0.4036630162512219 0.028048174554757766 0.03460180258354716
0 0.4329630367500511 0.38971700509855356 0.020956867558002863 0.023381983662863513
0 0.3491414554374489 0.39002932551319647 0.03107113654946852 0.0469208211143695