0 0.6849411147983954 0.5158454246185392 0.24945642279486918 0.22503650176793133
0 0.2144757424430192 0.5152259893780929 0.2547576480095053 0.20502296664031952
0 0.5218652333768781 0.4187494540843796 0.07029568164541598 0.06095022609856122
0 0.3568781605531033 0.41252655297779967 0.07675465344407963 0.07477871623556635
0 0.4898944396224065 0.39901624513627965 0.04379833904525245 0.05034448767221102
0 0.1745880763255858 0.4295022019193319 0.1209877868802062 0.09480755489942265
0 0.2994655381434293 0.40239810291040445 0.04704071319405407 0.052136015682276396
0 0.24907280710614907 0.39754950708890824 0.07761248934005775 0.039898496685606064
0 0.3993898954726786 0.3816092631917079 0.029419020171645032 0.028068743842787756
0 0.4571920224904819 0.38755673047734146 0.02584981099563062 0.03039070494829851
0 0.008313409831810465 0.5316545592724753 0.01662681966362093 0.17357971847698253
0 0.46347849386594187 0.39331026347618064 0.01954627173510323 0.02975792013188844
0 0.32398511460835294 0.3876298324570045 0.024387412644368358 0.024644659644580888