0 0.6925088503471868 0.5101763892150462 0.1844401074937398 0.1499427057081653
0 0.615281785791854 0.46734082174440983 0.10232256985256541 0.09733597950268817
0 0.548433717117871 0.43193515095193363 0.06520271457226083 0.06356927866110704
0 0.03643111498510116 0.5450508214628009 0.07277921858020522 0.23735489383820566
0 0.411055757486713 0.41859177993073377 0.043047901069347916 0.0433513682375672
0 0.35370790071401653 0.4208860425305856 0.040018226704632565 0.038130833839274805
0 0.4908684818645237 0.41308757823000675 0.03408796009428659 0.030503199363850195
0 0.4485265025328342 0.4039377639487109 0.018870992340811528 0.020478458348607037
0 0.46344291081900296 0.4058553000232924 0.01810977464802228 0.022173600928641252
0 0.4742845611697031 0.4094680532565448 0.018869245627427433 0.026285956448940006
0 0.43211228751980274 0.4010355363027325 0.016360116804221177 0.01851289363201063