0 0.8646719332903209 0.5335808508790018 0.2641705367181112 0.2125621210211999
0 0.6394414020578879 0.42266275922340846 0.08133481042071239 0.07681026812988759
0 0.49237549626622545 0.4121987351224569 0.04637723659162919 0.04358754386417094
0 0.9801994067961723 0.6569184930676473 0.03953111824790474 0.16494103633996213
0 0.5925628337719746 0.40984522725363515 0.045253351294204824 0.05100170444999389
0 0.5991334704619787 0.41831994080007484 0.030217742296095668 0.05273559808964137
0 0.45788025251686426 0.39764341650820195 0.034553184727616516 0.03951605743676686
0 0.5599442339294384 0.40220225941051135 0.03181558579377044 0.03397331349660924
0 0.5258998418575608 0.40320646075326094 0.04230524844452678 0.0421741892049273
0 0.6818348096222149 0.44789911085559475 0.09645061851619992 0.09003332889441287
0 0.7388988628995682 0.47456419526190585 0.14995808886000103 0.1371829572660832
1 0.6545171106046862 0.4701856984187897 0.035863319577882254 0.12964064075100806