0 0.664159193062334 0.5478255494715298 0.28908141441064494 0.24874290250030548
0 0.8197485860604686 0.7586531205610796 0.35966600244979047 0.4568655661007759
0 0.46349410199768115 0.4470658586638181 0.13172931312442507 0.09103996150071786
0 0.25936547791675185 0.4864313716646047 0.1891042813841476 0.21161437570640884
0 0.059234754030858504 0.79028186070954 0.11810951983938428 0.3957205107717803
0 0.17994756066984363 0.4045793042970659 0.06143650107956868 0.05459922872563844
0 0.3700315361615584 0.417286146654295 0.07667829711614627 0.05611917117240958
0 0.3393824929013568 0.4064937975632713 0.041662457919179274 0.045385187322443184
0 0.42328976298197313 0.38759400487994866 0.03351838181278107 0.030355474000336023
0 0.4995050063799954 0.3850843740931238 0.08235010005174265 0.03173678967726662
1 0.4457799205015842 0.3881541351885157 0.01868394429042314 0.03072654746494685