0 0.22575549970176118 0.443634256939035 0.13485050279394292 0.10843056597667705
0 0.7100588532617028 0.4956198475111498 0.1874052782284853 0.16108699138563048
0 0.3974805630725227 0.411194250380888 0.05544844320925746 0.05834224100569709
0 0.5324469478229763 0.4138609139450834 0.055549378289809895 0.05072668826941288
0 0.2869882653798613 0.42407572607374144 0.0818518126293566 0.08875370864644429
0 0.336232744468009 0.4015713092285634 0.035675772466526985 0.041679106383263075
0 0.512722062167825 0.40435880509989003 0.04737705533268602 0.05091006222125489
0 0.4855747924704875 0.39939837115484483 0.024628658715760424 0.03408201931741813
0 0.3501135887713678 0.395000543529104 0.02928202793623518 0.03532798968452163
0 0.44245839528343467 0.3808928906393191 0.02217302922820421 0.02088640349118707
0 0.4675647801097455 0.3890768071656586 0.021544162503832787 0.026134740805229716
0 0.4143956231953955 0.38156937853681727 0.022560949317763694 0.023603034741950756
0 0.47768304158894626 0.39533038992336417 0.024697329504803762 0.03015050207531464
0 0.4571206567722174 0.38695573107587977 0.017603127954440925 0.023898276648796433