0 0.6841959419156914 0.5404031106570366 0.28110502278912 0.24131227495150598
0 0.8303646858071853 0.7548220159953873 0.3388096956766149 0.46666048558925954
0 0.29665290539321215 0.4425010494705752 0.12467463720263951 0.13804222248633002
0 0.14224283467865537 0.7357319433784671 0.28412138960055416 0.5045992346919294
0 0.48692140867743255 0.44358135085418193 0.13007564965760426 0.08945427052785923
0 0.3932262055715965 0.41451292513402677 0.07575515909265126 0.05507441396703935
0 0.20467797167848975 0.3987637964511547 0.06669476962148023 0.0591686021314455
0 0.3599082466431163 0.40432185884328414 0.04465881996435507 0.0474455265705187
0 0.4479980967810967 0.3845329993165017 0.03948101252682952 0.029965815539467252
0 0.5207346606624974 0.38235440818212363 0.0817555188157962 0.029744525808742667
1 0.591091202792825 0.41245213841413125 0.03156919939441946 0.08377048347003299