0 0.6421441665362454 0.478820756034068 0.16417773317725368 0.14895176444701552
0 0.3872859577419128 0.42830427510997066 0.08262797719810405 0.07892442332218352
0 0.11397226229127275 0.6538418558219544 0.2279445245825455 0.4669477624977089
0 0.28348558103073257 0.4271817174708272 0.07532858673120656 0.06593914908281402
0 0.9638239189141711 0.8647187084746151 0.07193075509122036 0.2559883662099829
0 0.5090381937346689 0.41359756186327745 0.048451034533421915 0.04466666690531831
0 0.4887017338176487 0.40740571530100655 0.029546355577345668 0.03636857048623839
0 0.4565586891704569 0.39722074954274345 0.02385551346586263 0.02563944916338282
0 0.47477678500134146 0.40054430173872035 0.025852306300465044 0.03019465262822275
0 0.43601881200333453 0.39199684419007363 0.023320570015458914 0.023423151070304862
0 0.3503679476696648 0.39296187683284456 0.033524121013900246 0.05083088954056696