0 0.5642940493168055 0.45134811923417645 0.10013543516519317 0.09389647244241814
0 0.25623504314282247 0.4199462174670088 0.0744724226894675 0.06302330337777981
0 0.5277844707398559 0.4288318294700406 0.07981561893141864 0.08397032438485154
0 0.16310868844182785 0.46613776392484574 0.07754420532326374 0.11074572551052358
0 0.3011683092093916 0.40737870291880496 0.043095686156927125 0.04875664883461633
0 0.48427092083535617 0.41628307890682276 0.03360621654295278 0.04933326102188722
0 0.06991900399461304 0.48386137692925985 0.1394678750612262 0.19289122998190067
0 0.43430556065706766 0.38759654055359544 0.025339221720410875 0.024999295977669842
0 0.3820647694298408 0.3798968332836938 0.01941065191735231 0.017479382885050097
0 0.33902935736118917 0.38932379669457934 0.019313459794051514 0.026765765565814392
0 0.47962828142566943 0.4072016979825345 0.039827360837847506 0.04343170434498717
0 0.45990085055958707 0.39750492397990744 0.031649747834474655 0.0322102446942968
0 0.32576532745985154 0.3956822370154417 0.030229445275769113 0.035918622655486315
0 0.4073343846218954 0.38131026252157413 0.018921746841143703 0.016519615494027983
0 0.2908775098774147 0.41338513207458916 0.02404041555409342 0.046690194138333946