0 0.8849691919683923 0.5900675903200987 0.23006161606321546 0.27140576911695075
0 0.7698060579214151 0.4620993307492134 0.1260033620739217 0.10104960779989919
0 0.6999629996199151 0.4455874565176717 0.06894088083861406 0.07397431106045332
0 0.6807332573030586 0.4320734197443182 0.06650531360192662 0.06312449167201246
0 0.6592962930949127 0.4142225606700192 0.04758321741810609 0.0474822192597599
0 0.5593159161721305 0.405914843606809 0.030715455798369786 0.03146234029432429
0 0.5990882804914274 0.40613681946099095 0.03189992709717396 0.03258394332691838
0 0.9821158508151063 0.758739333465069 0.03544510648763287 0.27586953917323437
0 0.5761980507477131 0.3996460020600409 0.019868665119710752 0.021876598965970186
0 0.5389724444485257 0.4024719357607069 0.020662770930217702 0.035072841252749266
0 0.6186684883722787 0.40274459525636913 0.01477474983071852 0.021575838240010997
1 0.6312067713390485 0.42237012756884623 0.01812120314416394 0.06231125638631781