0 0.9039055612958657 0.7720507848297745 0.19109014478357522 0.43409855787588586
0 0.2877849538308718 0.47842726423127446 0.19340983006375204 0.18860436045179618
0 0.15820095408479404 0.4440784323833089 0.16036934903285976 0.13490988991477273
0 0.5525951868963358 0.44020293861307125 0.08238179042313983 0.0767293055619196
0 0.4958415245873365 0.4138176732515426 0.05736516171172322 0.05455170721835288
0 0.057074859823638656 0.4669345173318365 0.11371942177622024 0.2217645281570748
0 0.4528586262089253 0.4004545836388074 0.035338556971202986 0.03165767665948802
0 0.6516930493583274 0.4875658171384332 0.1567365345366159 0.1396463194667186
0 0.4062169372109439 0.3869277939185835 0.0224371322918796 0.02229301624167583
0 0.4332232471381848 0.3903349040190845 0.02804383272434587 0.033309056495524805
0 0.3716742701932045 0.39199399528615286 0.03168390855765791 0.032648916235184504