0 0.684040933579377 0.5402881253150201 0.281433903966297 0.24154916653302175
0 0.8303337939333351 0.7545724162141831 0.3388299575518704 0.4661473249060667
0 0.12157707385420312 0.7503979217738117 0.24281595095395067 0.47509115299288246
0 0.3031447154034968 0.4563112678415964 0.1461873089594619 0.16309482727349095
0 0.48664375610850624 0.4436959036401057 0.1300247953450787 0.0893737256002566
0 0.20633330699954966 0.4012628072401179 0.06745399107040193 0.05513890957203079
0 0.39294660666489933 0.4142827456298112 0.07581180251239268 0.05476613571450391
0 0.44783363123945985 0.38458162458760997 0.039884902567329315 0.030172368531586023
0 0.36333412550944144 0.3996525649800678 0.03862781789784342 0.038425538779936465
0 0.24955675900226135 0.3824657839181253 0.03052057249080131 0.028602607555519917
1 0.5220768601798855 0.39589442815249265 0.03025347506132461 0.05083088954056696