0 0.5897096024121014 0.4345638539900645 0.08055802202575633 0.06911962962220491
0 0.2930300097336851 0.42751129538199534 0.09009233226760527 0.0753234684292522
0 0.5216419535002939 0.41354786265980115 0.04839848341360895 0.04195045329491997
0 0.3920110669763773 0.39418296776675527 0.025032648568453598 0.023718691291697215
0 0.351006733230753 0.40670770400896566 0.033579441922079414 0.043027577628604596
0 0.4970042118749361 0.40507076259698804 0.028878212754880415 0.03639765615453935
0 0.3352306799526012 0.41900358824669326 0.03890913856487633 0.05691056983328751
0 0.4803051328620068 0.39629510933586115 0.020068089882077884 0.02548891964312989
0 0.42259600585538254 0.3903007768349447 0.014469449284226799 0.017970617449062195
0 0.41047442631943737 0.3911460212714977 0.01725917513606398 0.01688922721736009
1 0.061848224817683047 0.44063743375030545 0.026277958518252056 0.0979352337640518
1 0.011414371936514255 0.43704641273177847 0.02282874387302851 0.10956269951276881