0 0.29666062836167467 0.4366149604029203 0.1301307459883483 0.10279764154905914
0 0.6566719810005494 0.4314211848194648 0.08359106505199816 0.07982628785969574
0 0.4140338164709283 0.4089170215416514 0.05737172436343776 0.04569934237154814
0 0.6222400431348375 0.4143919138381675 0.06120184261293949 0.0585500469189119
0 0.45670431516059384 0.39935769596640547 0.039388187186988964 0.04286102861719514
0 0.5511178416691154 0.37996056818659124 0.018676009221049672 0.017586626964580278
0 0.6116073995170687 0.39125001372246915 0.03882165317738144 0.029650288243447582
0 0.5873871473435583 0.3818666191511257 0.021106935190745094 0.02157025975798815
0 0.5365145442335701 0.37937339566436795 0.012347766442661489 0.01663792704323986
1 0.06773437911725298 0.48122903445365955 0.0367341248207373 0.14992644756537146
1 0.8873228133943173 0.5006467310214672 0.08859270396821341 0.21519304650270343