0 0.8240292066447772 0.4798677207670836 0.20431276510118562 0.15385880008820566
0 0.33127849139059945 0.43173885998022055 0.09722755662944603 0.09933182314577224
0 0.5721488696867973 0.41311435196057095 0.06966856163442865 0.0568897474779295
0 0.4926974404959628 0.4002131278447275 0.043024145767324204 0.037692281624205765
0 0.5379354955715326 0.40700695824646416 0.04131101918629906 0.04669162604815799
0 0.3817751643507576 0.42299172558975595 0.043135511222084526 0.07137470860635081
0 0.429883655913034 0.39651632448794905 0.03289675147242948 0.025469559029050588
0 0.4623141846301998 0.3980465140393985 0.037160828185685814 0.03415095980915506
0 0.4107909931672565 0.39369990702132207 0.022168512726453905 0.02376582499007209
1 0.13392834417759544 0.42503521006594425 0.022480712790812808 0.07677461954155976
1 0.17510958255945613 0.4240098283903806 0.02463965053355606 0.07985265886562194