0 0.8163057890273661 0.545858224699108 0.2882120003002351 0.2089803179221652
0 0.9142581318990188 0.7019021788417186 0.17105713888746935 0.35530807778516005
0 0.6294563898568454 0.4359904388994532 0.099753553713333 0.09054413289268695
0 0.20561344898439096 0.4427252775995846 0.16020589408968086 0.12917986410221163
0 0.3501036824111751 0.4051664619035618 0.07381703087470615 0.06564811341107649
0 0.5359414725252964 0.39402523395020006 0.037615323008227716 0.031140787044461753
0 0.4552241003328138 0.3932403385464397 0.02831212790014309 0.02982808371326674
0 0.4959376187765101 0.38726887185552605 0.01687799236955744 0.02261582241263441
0 0.5114162441949228 0.39039604358542584 0.02318981604213512 0.023828053404508796
0 0.40371866296376735 0.3947187257768588 0.03890878922219951 0.04675331749641068
0 0.43844651902979354 0.3861766975529616 0.016885927438930907 0.02203115573260325
0 0.43848105404870197 0.3870342772960197 0.01652550560864677 0.0215922455400782
0 0.5115587011479201 0.39074801000332204 0.023688926915116516 0.023785364592879398
4 0.40371866296376735 0.3947187257768588 0.03890878922219951 0.04675331749641068