0 0.8381902112984209 0.6151552172350394 0.3229230879177739 0.31150873059284884
0 0.44106345749837106 0.4282113650444083 0.075173927737569 0.07235407526308957
0 0.6414566351952167 0.44233524624553244 0.10062067214329518 0.10020961369936766
0 0.499707001306342 0.4099239375467757 0.04891236649121014 0.04771788775163428
0 0.682871259438241 0.48748631631174394 0.1557630163085139 0.13885512962602334
0 0.5379769924909291 0.3854948399936232 0.02357883406582175 0.023732682243936338
0 0.471141026045393 0.3968734666632301 0.025163202917390638 0.022386000885874877
0 0.556340664405854 0.3818982106616187 0.01949017728242539 0.019035540717787756
0 0.6060364817559281 0.3975175426852319 0.03621336094005519 0.03356298183765579
0 0.599634752250166 0.4325324363372892 0.03402263301372138 0.07441289310697703
0 0.508721938799954 0.3880278735566349 0.029026483768141865 0.024044868417033235
3 0.22976287816843827 0.44330400782013685 0.044153720359771054 0.11436950146627566