0 0.8548350922903465 0.5057540401335685 0.24681549197030866 0.17878521782212242
0 0.2943144803737288 0.44212062384492606 0.1114884982417084 0.1105192749381415
0 0.5590346454111943 0.4213530688691349 0.0738871239875051 0.060200651137127324
0 0.4757929479890638 0.4069076344181482 0.045439401222659444 0.03956337012386975
0 0.5224908312519164 0.41487300570759256 0.04321319006158013 0.04935068259141312
0 0.3515262057911833 0.43030386260061554 0.05083377616676461 0.0786833553370143
0 0.4440101255477693 0.40379463262921556 0.038734966287433566 0.0350607296821542
0 0.41036469528934355 0.4022301070734436 0.034150866729162406 0.02652812819793194
0 0.3880899324830399 0.39855696006021657 0.032677588848822055 0.025394115280196115
1 0.07810216796076502 0.43152792176426563 0.025704010334155255 0.0848615390930474
1 0.1272804466116555 0.43120669666040445 0.030371203543412714 0.08947789703995601