0 0.09430607868235129 0.5226300967636929 0.18861215736470258 0.20985709420630194
0 0.6353998067236687 0.46389084384355145 0.11170716180434893 0.09279974884301687
0 0.23279843521430077 0.4672536691495983 0.12047427809833018 0.09230946888555414
0 0.2921818306674162 0.44011899289963646 0.07980129588166905 0.0817400950024438
0 0.9799035135489064 0.7582982754078079 0.04019297290218724 0.2211585916498656
0 0.41539209822797424 0.41028992474836573 0.03525775900066435 0.030716434601814516
0 0.5675713826863373 0.43330395233363117 0.04899635845193684 0.0641776315161443
0 0.5900118836397434 0.4487705174778913 0.058416283920175796 0.070159733120647
0 0.4439846235323615 0.4062695097713526 0.023829013328521054 0.020922589045698926
0 0.4612892631225087 0.4043350145147926 0.018691879359796607 0.024279373482175588
3 0.5311541802943581 0.4140948223811324 0.017747705916547424 0.034745142723225195
1 0.19686650722999605 0.4070107766726616 0.013075359902806878 0.029484127040948802
1 0.3453489539083261 0.41189071043728614 0.005949680081957788 0.034478598675769793
1 0.35322976287816843 0.4120234604105572 0.008176614881439084 0.03616813294232649
1 0.36631234668847096 0.4125122189638319 0.011447260834014717 0.03519061583577713