0 0.18775841688778394 0.5158216787806238 0.2832833178591163 0.2344904477295638
0 0.04728050886951113 0.46142601990163734 0.09456101773902226 0.19921421561889052
0 0.5238656693565388 0.3966683157494807 0.06144064328559383 0.05112986037924609
0 0.3883642662965364 0.4015932950106534 0.05420917501628935 0.05537914227646933
0 0.8900822462454645 0.7362503245662267 0.21947518549098016 0.44145636684384165
0 0.2706831575707149 0.40052040674353157 0.09655362469976492 0.07679914099729655
0 0.32521556189873135 0.39837480919801593 0.033314540360857015 0.046432868010370845
0 0.4648351911044179 0.3836815051901958 0.02840320652659955 0.03129787948474157
0 0.48374251508361865 0.38987215849428 0.036990748208171505 0.03314569944976478
0 0.44640399624067356 0.3815556709833975 0.017461045297168847 0.02618259045851662
0 0.4841284888354073 0.38993316381907533 0.03629515703252759 0.03340726164429069
0 0.4148466620207418 0.3788927512667629 0.016701798895198794 0.01929322482320687
0 0.4422853708462158 0.3809698856238163 0.018936519045763493 0.02557829468131415
3 0.15576451349141454 0.3944281524926686 0.022076860179885527 0.030303030303030304
3 0.19501226492232215 0.386119257086999 0.018806214227309895 0.02737047898338221