0 0.10144343652982549 0.511278810622289 0.20288687305965097 0.203237017112277
0 0.860954303382755 0.6002791209887433 0.2775488141512929 0.3691903242034763
0 0.6755480388101748 0.43316265564859785 0.11322645310583605 0.10848960242546432
0 0.2433069810843916 0.4436091090227502 0.11917867839872497 0.10270525353395345
0 0.5817920001724755 0.40853871394928365 0.04968621042646157 0.04364452194258615
0 0.45485372223624027 0.40351591734825576 0.04008861925401165 0.044089219437316716
0 0.5247593378299392 0.39784810503440404 0.03281101279831868 0.03369716372075086
0 0.5528431952438292 0.4028364910524728 0.04500946019968827 0.04363545318036718
0 0.47080413493969747 0.3922871639068991 0.02089917611023099 0.024637112286549974
0 0.4192040880878539 0.39040703647647085 0.02285277521814953 0.021668166592207355
0 0.3982204209559293 0.3988997234743478 0.0159498637363936 0.024477454341168745