0 0.8646649214837362 0.5538127075075987 0.2678979731736764 0.22819836747960962
0 0.7137000519821903 0.4680443816870189 0.1387276700160977 0.14322257391518511
0 0.07699828876985065 0.5229409554370571 0.1539965775397013 0.25534812352990593
0 0.9656204884888594 0.7215248025873656 0.06829848956204007 0.23539619035618278
0 0.4307338811292672 0.40273445256178214 0.050138459474652494 0.04186361393038245
0 0.4719754809350726 0.39675363370983013 0.030808630480887163 0.02640036007759042
0 0.4960310679425593 0.3935625033411229 0.02369082334679068 0.028570896719208212
0 0.5907820095707916 0.40185097911607254 0.03466632184880928 0.044339236858886244
1 0.32064205490948233 0.4084557675895803 0.016115726648737734 0.04721358701047776
1 0.5911692559280458 0.427663734115347 0.017988552739165987 0.022482893450635387
1 0.6128372853638594 0.4144672531769306 0.012264922322158627 0.05083088954056696
1 0.3372853638593622 0.41300097751710657 0.017170891251022075 0.04594330400782014