0 0.6879000971771515 0.43819398404566073 0.1328808713524632 0.12496960174769367
0 0.19128468498672896 0.44899368659025995 0.14668159141758866 0.11943813409740041
0 0.05604860917623181 0.5219362767910328 0.111643865424302 0.17788517300334494
0 0.8988053578386908 0.6688129950828217 0.2021800779653005 0.4698057650121426
0 0.4395070360609477 0.4040908440583379 0.04458049234560251 0.049885441247785316
0 0.5761188497722685 0.4070290633543729 0.0531642162107778 0.046788220298371826
0 0.515286911147984 0.39541444004689025 0.03619963676346586 0.03580406986956256
0 0.5446870668150807 0.4019204118268115 0.050196550171197875 0.0432504185949719
0 0.4577320813157962 0.38899105664921646 0.021713044735026575 0.025069907030868158
0 0.3793360413046811 0.3958966953430474 0.021627156342625714 0.024410423062530547
0 0.4059219048438458 0.38777722967451733 0.023632707697196956 0.020871756246945258