0 0.6554572416541037 0.4555986242210411 0.1309645770518193 0.09869152080278593
0 0.04164537527002181 0.5168611409027906 0.08317022399028012 0.1633440690772391
0 0.8874328313844669 0.6725776948304237 0.22475205653043234 0.44956673391869806
0 0.6012311983771336 0.4382653558009531 0.07284688130813062 0.07970320327773704
0 0.5324417326358724 0.4070314647864736 0.03549107000268295 0.04300884347507331
0 0.48971220751034855 0.3990280285608733 0.028672350106040474 0.024835252808452467
0 0.46389209064224757 0.39527776723733044 0.022981657712847506 0.019956139408831255
0 0.3805785908235065 0.39638846687324353 0.020564580684983135 0.02787749438691349
0 0.5385708251354252 0.41483315088415657 0.026319976332532708 0.043523107922088834
0 0.5696223735419434 0.4115463808717849 0.05508949360882563 0.053054198025491814
0 0.5712296742449408 0.4276192852478922 0.049150418572414145 0.061068507816318424
0 0.3719741684047297 0.40732597582267993 0.025326845008432134 0.04021366600416972
0 0.43488402222378375 0.387379994024163 0.013796440617334423 0.01715111755788734
0 0.5712176219225904 0.4270338280343124 0.049057643138670275 0.06230218762409885
0 0.44868917145499027 0.3922062759175678 0.015541507100240187 0.019875445323955278
1 0.11599614789811491 0.4330325606747923 0.028499961971554324 0.0944159573940005