0 0.37091791834484233 0.4361526325184812 0.09231038378187602 0.07338311129184995
0 0.709099483412012 0.45226682362784854 0.11501354052215351 0.119516710148995
0 0.45557795951138336 0.4078530976266572 0.05778801606896464 0.05327811292422715
0 0.5041423307903848 0.3971015281341642 0.03426807119723528 0.03778261126893939
0 0.6519225425439493 0.40892088471503085 0.04018848135348528 0.045752114214855207
0 0.5285956693884787 0.39048998283617425 0.0253564393237684 0.030317289738361435
0 0.6233561929872752 0.3897825298887311 0.026520698653413735 0.02376081330568793
0 0.5531382400874515 0.3853006073922822 0.017593346359489982 0.018247811325833946
0 0.6572996000725035 0.42979443084925617 0.03175959115328598 0.06368463689630682
0 0.5830514553815541 0.3834252380788734 0.015201047708631439 0.01653479970445381
1 0.823433851864332 0.48998319415169844 0.040154195865060305 0.1475358741141251