0 0.11353327748948253 0.5119428140560087 0.22702547545656745 0.16052442981350806
0 0.8733395742570779 0.6691623661641618 0.25213528225291293 0.394032110100501
0 0.789482135414005 0.5204238071236559 0.22660117722493356 0.1885942177572092
0 0.6884053714530739 0.4663010016447871 0.11095038575416497 0.13063841341527677
0 0.3104629828514667 0.4483258050674334 0.11112286122432032 0.0982747157181696
0 0.36797266014267555 0.42634078367947364 0.05892455256189953 0.06595779374198131
0 0.6470633855337796 0.4198266082495189 0.06047011942329313 0.0714068072515732
0 0.4850346587860282 0.4002804276064577 0.030959047456306215 0.028056721766556696
0 0.5988540961327167 0.40751134848198467 0.03670084369250818 0.033715659222644793
0 0.5065041118631184 0.3959211720516022 0.02104570041010834 0.022154478966199292
0 0.5558474923583785 0.4001443215945366 0.02979269207059996 0.0288034329083425
0 0.5770833349968699 0.40385244598836145 0.03791790367244992 0.03597780826154692
0 0.4453470599719568 0.40866858518717925 0.0189460012041343 0.023539165597507333
0 0.46245591794479507 0.39511794521894855 0.018351919029154742 0.01683341256567693
0 0.46313162154090864 0.39489444796057854 0.018919002005825837 0.0180043568242913