0 0.671204411778797 0.4641183086853922 0.15007312241286794 0.11112479380498534
0 0.9369032228957993 0.723825523697153 0.12498383042467294 0.29868039963648585
0 0.6076407880931239 0.44348257890777737 0.08008606006937347 0.08669253411763807
0 0.48656695062570265 0.3989723928979182 0.02912325168962081 0.02542913740797593
0 0.571931453776574 0.41245837318815676 0.05793429083835854 0.05547511006613514
0 0.5317400030103357 0.4078280839519184 0.037783855896744684 0.04479682154203324
0 0.3734736719388798 0.39500571928648887 0.025268205344823182 0.02929550275308529
0 0.5724276700959474 0.4322106444357893 0.04924773546095666 0.06209990052999756
0 0.46011529705705745 0.3941575811988331 0.02408538094720973 0.02052732227135264
0 0.3639385881525322 0.40852382805340454 0.02648002518461263 0.03840928063714259
0 0.4325214426535032 0.3869090001021429 0.014638605998952371 0.0168334423971316
0 0.5377865258729175 0.41612079579343075 0.02666557605210037 0.044917609101982524
0 0.4465045320724525 0.3918272225388334 0.015977287136523917 0.01932586043461327
1 0.05584143812502396 0.4368163823848363 0.03618604359038034 0.10949396784121457