0 0.2519235119698775 0.4388461742233321 0.11858905034287484 0.09580210576658724
0 0.6253268100741645 0.44665096279230054 0.10412113567112122 0.08870236871296126
0 0.5363938962448257 0.415944536643527 0.05526566213013594 0.0483175298219086
0 0.30902594927384636 0.4262741252940188 0.0550257884764028 0.07083228326612903
0 0.34260426830875024 0.4078506216159198 0.04036357689371678 0.04713510045324719
0 0.3954300463248352 0.3936869154228143 0.02751560164394675 0.024848318985596897
0 0.33688222241031274 0.4175605065428733 0.028271853680115495 0.04903664686812683
0 0.5069824118937807 0.4065119649191639 0.0298570210292314 0.040017076717909945
0 0.4161519310265804 0.3907656851402126 0.0177809184238936 0.01714556890731916
0 0.42942389599729147 0.38924378873316073 0.01551171316051717 0.0187093039295424
0 0.5146297227137419 0.4111608093202056 0.025656524683156174 0.03896301209868341