0 0.848812224917595 0.5772659585156632 0.30157186238373873 0.2584653613854014
0 0.1780632967258806 0.4944217118816059 0.19772223459338908 0.1312025262230419
0 0.6715982956469108 0.45796664509255863 0.09122779577946137 0.11322719540414222
0 0.7389845516675823 0.492197821683315 0.16390714232100878 0.14340171180046432
0 0.3403688494728319 0.4462132756894169 0.09439945298925542 0.08766083330469514
0 0.3866196115389284 0.4281843228307521 0.051496254647255726 0.05981797323665078
0 0.48874417895288225 0.4031058094252123 0.030001449273047834 0.026227069157426074
0 0.6428995701687704 0.4201129752986009 0.055905208759198695 0.06543320761165078
0 0.6019713556971203 0.4098787130614996 0.03252854429106194 0.03335362468879827
0 0.5618581826435379 0.40338109408888534 0.028102073139181317 0.027733796269779447
0 0.5125299236955744 0.39950281107763624 0.02361706213588512 0.022235889005987292
0 0.5840918228261702 0.4070574778149438 0.029140369480784956 0.034560515850287146