0 0.5238287388449893 0.4582895556736086 0.13861932388018705 0.11996286938500428
0 0.40370948024197667 0.42268836952724065 0.06206751376609771 0.05941456247518023
0 0.4632668670629344 0.43886165674830463 0.06862846867334424 0.08362747147635631
0 0.22542710510902686 0.4179126370337702 0.04280571925864294 0.035369783552511
0 0.3633414741821788 0.4190731551989782 0.045298191922079414 0.05141877801770223
0 0.17807104776652252 0.42471734100073316 0.05247292943597327 0.04790412552312439
0 0.32824154321229176 0.4171667760884424 0.0385514865229584 0.03486303663207173
0 0.2701795551490316 0.41047270207111436 0.03507175897830642 0.029795477933315006
0 0.3039430382791739 0.4129913568729762 0.03704651827122087 0.03478296900774377
0 0.0057000243489555135 0.5653648339175525 0.01127972703606792 0.12967971995662267
0 0.23928569753152468 0.4082153857278684 0.027287281251596997 0.02480861331943426