0 0.8688901712537689 0.49504044608286746 0.22092575609732726 0.1896155572706653
0 0.6798390149095462 0.43152064288932673 0.09408696596484055 0.08582449844971897
0 0.552226879902775 0.40437099124912174 0.053873331938624286 0.04443081942471591
0 0.943489929348937 0.5846411592216902 0.11248514794562552 0.23350341438897543
0 0.3816212913781429 0.41648505277065007 0.06206851188803148 0.0658611696603128
0 0.48909793831925846 0.3968683505687546 0.03654798131835139 0.03165221750328385
0 0.5261779435813573 0.40092404124091213 0.03296846653337081 0.037792634637707725
0 0.46308960060749693 0.39644562394038674 0.032538775040883074 0.028763727242179862
0 0.4353193780582456 0.3951604252103953 0.028227137817482626 0.022672860153958946
0 0.41120449013136884 0.41098132837319773 0.028355621063407093 0.05196669234558284
0 0.742891001291969 0.4802234608639953 0.07655719997253169 0.14065999229632514
1 0.26345447156630086 0.4151898008404356 0.01666242298491159 0.058662958974828934