0 0.9084879889998978 0.6354619508148521 0.18302402200020443 0.3345679975791178
0 0.061321760725019804 0.5188812673499741 0.12264352145003961 0.20008269875862963
0 0.13956750852595756 0.47557075328957416 0.1201532072252849 0.12337877976463221
0 0.4738266727325864 0.4400016956198833 0.09365742419064288 0.07929606358443304
0 0.37703477137418234 0.4213049656484833 0.052328388903439285 0.04658996045065066
0 0.42675742572775066 0.4310216223156464 0.04775282328770186 0.06043429109008431
0 0.3411221695258202 0.418508192194755 0.042188917333145955 0.0417419612582478
0 0.2453790447893244 0.412069027957562 0.03390779908524121 0.027543232937362536
0 0.3066630453139373 0.4178548833375336 0.036971409595704725 0.030438345781402736
0 0.280904886864875 0.41414367138815067 0.035531369175758894 0.0303385297340848
0 0.21453841826219786 0.4110467338375565 0.027729336979539297 0.02396608354525599
0 0.19065343524624068 0.4212475251825208 0.03842411368768525 0.036857836174242424