0 0.7674435282572312 0.49180185386978403 0.23081659549391864 0.17799364017251648
0 0.1101877457376201 0.4953734546113224 0.2203754914752402 0.1637288351795424
0 0.20999827973684715 0.4598984107710166 0.13224718868976135 0.1175963102547654
0 0.6289167053272562 0.4315786650686553 0.08674602867244992 0.0691670318036718
0 0.5094607237022818 0.3955034123604365 0.02535474251648099 0.021489595504566836
0 0.5949929861971714 0.42205923906402737 0.05144914329198181 0.0586312779699719
0 0.4849081218778746 0.39145125671565706 0.021942463061503475 0.01869790831385936
0 0.5458680696401651 0.4019338061499572 0.02884317867500511 0.03771662409121457
0 0.5769987441629829 0.4126763217959586 0.04200720923510323 0.05238063361055108
0 0.45678758348291854 0.38450091558700666 0.015755404630646976 0.016737027135645774
0 0.47180245649785363 0.3890807896648567 0.014951167882512264 0.017903377350241324
0 0.5543245828648814 0.4060798264668484 0.026798176551001637 0.038985445352593476
1 0.2562108636389769 0.4047355912880697 0.016135639181316434 0.048803156072443184
1 0.10915780866721178 0.4022482893450635 0.03188879803761243 0.030303030303030304