0 0.8200732252194272 0.5250931606497816 0.29905993881911797 0.19187505131010202
0 0.23454901632089062 0.4704364317952713 0.15821197085563804 0.11025610184506354
0 0.36407183743069044 0.4334479487653119 0.08174593684523201 0.07900028471140334
0 0.7089712247435226 0.4652228481259164 0.13098658564045892 0.11163001932123656
0 0.6606621231490827 0.44384163029615714 0.0783695897798702 0.10062740322198803
0 0.4018392866981488 0.4185201098608947 0.04799022658964892 0.055387972387050954
0 0.4924272987945881 0.3955944430443548 0.027064974543898203 0.024400578682490223
0 0.5200060566038941 0.39267803054168193 0.022794110601492234 0.020966142969513685
0 0.5660427589447695 0.3965140125502123 0.025313021019649426 0.02731651388188844
0 0.6052011285565081 0.40234248216317664 0.030881144039375513 0.03117109580240408
0 0.6426485674554758 0.40603005268473547 0.04938283126469235 0.048571335838220916
0 0.5861976854350853 0.3994426708650263 0.033339817798829725 0.033420655967436465