0 0.08319334543248423 0.4906543273030838 0.16289089043805177 0.143798738630636
0 0.4758745195041011 0.44221283287130375 0.10097954688458197 0.08643837012386975
0 0.37531802660114727 0.4216586324592956 0.05454926011217293 0.04892418228402982
0 0.026611353424153095 0.5363741191368065 0.053201320701456174 0.161173920244532
0 0.42589106836576296 0.4321348427094789 0.049239900203776575 0.0646222096850562
0 0.97740162110972 0.7453512152618677 0.04469470244787408 0.27466339379811217
0 0.33784924036932107 0.4190223224002245 0.04233042607030611 0.043655380592085166
0 0.24372916170932774 0.41261557003852795 0.03361377731660108 0.028209190331363026
0 0.30370452456657554 0.4182772818199001 0.036679134540448695 0.030990138198390152
0 0.27821670744327476 0.41467957855552756 0.03515165863910466 0.031750541977868404
0 0.18135296625868766 0.4241777645644321 0.042611896455629086 0.03812594148070931
0 0.21034985571149326 0.4124125073266053 0.031693814917850574 0.025905784390655547