0 0.31228672629580184 0.4426508033730068 0.11013047849167007 0.1041282735845094
0 0.5111315299133151 0.4110519245106687 0.0709731070018653 0.059729940613926565
0 0.46806306753213156 0.40223804224038523 0.03652083240175286 0.037149557969437315
0 0.19531613690679617 0.4301730665876252 0.13050754949487045 0.11458941895008554
0 0.42370428302106755 0.3919109743478128 0.020998139899964227 0.026734949673142716
0 0.4461401427074816 0.39580639552976843 0.027952903816179476 0.03526597009026759
0 0.39312714196966986 0.38918651234019885 0.019791859636907196 0.017140288739842986
0 0.3708808131619545 0.3872530313530975 0.01848040227507921 0.015651371005926198
0 0.2703119310704977 0.4052296449245479 0.046083040151650656 0.03763255905196115
0 0.4289057209953751 0.39337301394107405 0.017847617922117743 0.02734792640365347
3 0.0776778413736713 0.4389051808406647 0.03761242845461979 0.09188660801564028
3 0.013082583810302535 0.4423264907135875 0.02616516762060507 0.09481915933528837