0 0.23529901761844912 0.44205679944766463 0.13398283539691716 0.10517810213717314
0 0.6461102289931265 0.4550393142774774 0.1168390556329211 0.09874384517427297
0 0.30174870463735437 0.42777196263288125 0.06289056511268397 0.07690286496517595
0 0.5460209070612735 0.4178700824636868 0.058318068721892886 0.05127791388876161
0 0.34193789715271744 0.40749758126565555 0.04338793625913481 0.0506510655318304
0 0.3999448138382819 0.3928268895004735 0.028458752012213817 0.02538734353998656
0 0.33516314452725754 0.4183900447185438 0.03045082872067917 0.052224107967909945
0 0.5157407571912689 0.40688988470262094 0.0341779407866159 0.0430857489652065
0 0.4225548083725662 0.3898491286112766 0.02011797102571801 0.018522320371685608
0 0.49705484161002655 0.3951749978760004 0.022667249303710137 0.027339364776163857
0 0.43486470856436527 0.38887562383538 0.01523134070932134 0.01823256745249878
0 0.5264497820900195 0.4121851767263105 0.0333996552087592 0.04068950753757331