0 0.8712953706306215 0.6450487362441196 0.25651074937397794 0.3623807577094025
0 0.7503831291042774 0.5159773840582615 0.20134425065796197 0.18214307619096712
0 0.6566821119381772 0.47464741010470124 0.11614111887073283 0.10938388977349096
0 0.6321570582791419 0.44049352681298876 0.09524314050682237 0.09809065564287023
0 0.33107869233250714 0.4233616654590894 0.056341537762545996 0.05659871180619196
0 0.5627988626600189 0.42295779231007147 0.05500625023954926 0.05947180903668744
0 0.502408493179234 0.40768845782834645 0.03439662930230478 0.03007562512409885
0 0.5735549240548983 0.43543268019153225 0.042618359295150246 0.0625955203178458
0 0.3681020541748646 0.40404538092142445 0.03288093123977923 0.03385246627375061
0 0.4726895373664912 0.4019377588177007 0.027033234266404332 0.023791987175815616
0 0.457699592446852 0.3984547724122526 0.01802458494097506 0.023606763673784212
0 0.44350472650660516 0.39256601342940495 0.015295170606985896 0.0181598980289284
1 0.08955046434628602 0.42515232835696937 0.028628008539132766 0.09320996117615164