0 0.8610814890701656 0.6205126332630743 0.2770317370835037 0.4131935693884409
0 0.26023055643501186 0.4853204781242363 0.16574067983681903 0.1385169900873656
0 0.6145595447605785 0.44950126879142993 0.13334180406147791 0.12071987237865041
0 0.5404310748894879 0.4329712719511776 0.08866297175235077 0.09322976926205095
0 0.48537516808373365 0.42100809792735827 0.05440083938062142 0.054023153504551565
0 0.45604405750140536 0.4116039704950208 0.05215177122725879 0.04971137470979961
0 0.2091592459627964 0.43887913798073985 0.07518318531850471 0.0809062461815738
0 0.41587325538267195 0.404713844157617 0.0415616725569169 0.03947104177167339
0 0.3803829963540602 0.40136651629227 0.037180740718264514 0.03243183273956806
0 0.3601190624720526 0.4006917586191425 0.019331051693134198 0.028084972154126954
0 0.25562889616896844 0.40510979705542066 0.05086915958931674 0.02599718796775721