0 0.17120805492385527 0.46928994932948437 0.2293030433935507 0.16165092520466764
0 0.7113556881372011 0.4675498209158113 0.1321965090485742 0.11612275572000244
0 0.38217653413337466 0.42074286646390824 0.07222542563911744 0.0560476950070259
0 0.6447934067259046 0.43620932719807703 0.0821355537420789 0.07404408683292095
0 0.4380418304917467 0.4091527049492531 0.04693678374770033 0.051349449717054615
0 0.5433109061988961 0.3879555919419752 0.02229025864932543 0.01872955948726173
0 0.457978018560277 0.4019904113351891 0.027290450288736712 0.038051004866584186
0 0.6296935685813573 0.4174740251557918 0.05594832762673753 0.05474119661840176
0 0.5835840781984618 0.3915181537527493 0.02076802288813369 0.0219767133278348
0 0.6010826528803404 0.39402301150682734 0.027628913436477925 0.026438305687927665
0 0.6041617592338256 0.394797107923998 0.027310712163992234 0.026716215519611435