0 0.7355048490759787 0.4809443379660389 0.1926381819967549 0.15287352680344268
0 0.15677716745671344 0.48197599916281003 0.19937922929216387 0.14006551106770834
0 0.24376700924540384 0.4551275109732023 0.11332011437279614 0.1041485589736834
0 0.6240026266576809 0.4320361602574383 0.07932414369123059 0.06479129437011241
0 0.513102047188011 0.3991940107746441 0.025413881241056827 0.021746086351799244
0 0.5777828937072005 0.41368044856007147 0.04052973924264105 0.05021600359695748
0 0.5496735841839994 0.40542635353662637 0.02973584902647179 0.03607255296157136
0 0.594220015618612 0.42399078100657533 0.04807094970104252 0.05532037431077407
0 0.5552510146907579 0.4085929177024148 0.022845264350597916 0.03739871027882148
0 0.48927949669901116 0.39534834845907413 0.02140347721726799 0.018704053593520894
0 0.4892855602897588 0.3955001309004231 0.021383165435915782 0.018513490261103983
1 0.15658217497955845 0.40420332355816224 0.022076860179885527 0.022482893450635387
1 0.276369582992641 0.40420332355816224 0.019623875715453803 0.04007820136852395