0 0.9101845966629191 0.537637958545256 0.1796308066741619 0.23902089108702956
0 0.7159087211502836 0.44892571562079975 0.11125690900002555 0.09494880683727396
0 0.38998460496729354 0.4247765116910664 0.06718169093034546 0.07018741671057857
0 0.5703639531856858 0.41434753954934933 0.05703638034673957 0.04685620618355939
0 0.5043982492542033 0.4051833763383584 0.0383538833331204 0.032907495284243644
0 0.5423076688902162 0.4102320666420378 0.03411166549021361 0.03967371667468536
0 0.47732761036833093 0.40335129246567236 0.03356823800337285 0.03026028182849157
0 0.4488012605481526 0.4022785682715512 0.0282194522785926 0.023609866145069647
0 0.42194500577712973 0.41897711283067574 0.031214691436592907 0.05436448500885875
1 0.24164944989507742 0.4238193098051457 0.012632355959027494 0.05305240813821176
1 0.26901062959934585 0.42717497556207235 0.016353229762878167 0.05865102639296188