0 0.8449848265503629 0.5874816357565066 0.31003034689927433 0.2855997840679985
0 0.09852951935637903 0.45832037156628025 0.19705903871275807 0.18961126154119318
0 0.3506984882245567 0.4425357881995357 0.11512375813669 0.10855338207554374
0 0.9197368231934792 0.7224266074619685 0.1599125086237735 0.3772796004398827
0 0.5308193103855785 0.3985936527494578 0.05715156361789656 0.0467163264926228
0 0.3012461377671773 0.4056517003451857 0.06917910759115647 0.07731149623121335
0 0.40990413687605404 0.3968083445976906 0.040904109826949614 0.04359658279493524
0 0.4930227034811299 0.3920342379184995 0.03380124956881132 0.0320179213060545
0 0.47407390753558104 0.38634263501955035 0.024965874211084423 0.029741125022910556
0 0.4563737870822261 0.3847301703161275 0.016472205897383484 0.02503506389181635
0 0.34639256524922707 0.3825195849466184 0.017491363250907093 0.01352206143465909
3 0.2187244480784955 0.4066471163245357 0.022076860179885527 0.05865102639296188
3 0.24897792313982012 0.40078201368523947 0.02044153720359771 0.056695992179863146