0 0.8554986437519164 0.627937861318579 0.2874592167377862 0.4152867828995601
0 0.7326587542879318 0.5190175821820778 0.1747448500900705 0.18623305812026514
0 0.15612088980873587 0.4402530107097309 0.19440875673333058 0.14857045879345368
0 0.39659549092427687 0.4216574392011089 0.07515992907744787 0.07399835521291545
0 0.5322897436184076 0.39883093213988424 0.052132707098323794 0.04357781880994929
0 0.3283136076159099 0.40445900895611864 0.06598022660561886 0.0709828724492913
0 0.4983700668821545 0.3932300019473974 0.03190217287152494 0.02978957130529081
0 0.4795305652883534 0.38774851689939976 0.025413182555703188 0.029159322162527493
0 0.420313238610231 0.3933222706366844 0.03478205408702984 0.03544537645863881
0 0.4595201419009991 0.38569444225680444 0.020078071101415577 0.023712098540215665
0 0.36436442439905076 0.39531984450413915 0.01914400364274581 0.03192073042674731
3 0.28331970564186426 0.4022482893450635 0.018806214227309895 0.05180840664711633