0 0.10789854349362879 0.5886997733764052 0.21524052264645563 0.3426748743737781
0 0.49338916394911336 0.42105960193384195 0.07882004220858034 0.06718875888738697
0 0.22342781073132795 0.4258775459356672 0.07241227406511908 0.06174317599508187
0 0.44586800476223937 0.4097407425836617 0.040577150034495094 0.040424992029035316
0 0.10705906157598861 0.40246947466569677 0.16467139648786844 0.055613557847247676
0 0.3716188619493561 0.3944180396295363 0.01962652073857829 0.017997555252627077
0 0.42446069725205055 0.4024902970210548 0.029682723986546915 0.03715349572145345
0 0.4025051962227872 0.3978559059597996 0.021619670428122444 0.027461942223393206
0 0.34941420473237556 0.3924627220176182 0.0194275700841297 0.01579823125725501
0 0.4076589988278056 0.3988523511243356 0.019808528273201145 0.029631136449550954
0 0.2403560460637265 0.41800854516052666 0.050161316466935814 0.051426146387005135
0 0.33570395194402214 0.390156422425808 0.012257411454607011 0.01623496375358932
0 0.34845956348534596 0.391947219565234 0.021247919913890023 0.015910009717894674
0 0.3203968413034035 0.38662342358660956 0.012174292850572362 0.015475753232297777