0 0.8934169716261882 0.7617912106033877 0.2128758028892835 0.4486714621326674
0 0.7615907408619941 0.5241370476119562 0.2428004466795278 0.18600950119898582
0 0.6753659564164068 0.46024734929626404 0.12514138397191843 0.13246054849783112
0 0.4062214661892184 0.4425180832311904 0.11029574253085395 0.10480771479601968
0 0.48332265509217853 0.41444077776091304 0.0614840615897128 0.062313583239781895
0 0.6203714091565311 0.43991707869871854 0.04008357873824612 0.08223156821809323
0 0.5133422951374693 0.3879014329360261 0.03237438435839125 0.031815574549043865
0 0.543123658524121 0.38269711193334555 0.025221343520032708 0.02488271465282869
0 0.6189522793910978 0.40007418784461296 0.04111733362505111 0.042218578409472754
0 0.5620516186743024 0.37813993959249753 0.019693494720334218 0.021716404054404937
3 0.06091578086672118 0.47116324535679377 0.08912510220768602 0.1739980449657869