0 0.1650385119733709 0.5423362336666819 0.2725308091544949 0.21271420177709555
0 0.6353352282345539 0.46327841899495203 0.15285873101172834 0.13780213893916485
0 0.8970339658897818 0.6564402948493249 0.2052106256867079 0.4470240498801014
0 0.5492453399683156 0.4429882120410252 0.0946724642911897 0.10301815566196236
0 0.4909416941083657 0.42919390875106916 0.05784036756439084 0.0569752145955523
0 0.4594351019122419 0.418895493970705 0.053841242318453594 0.05250962482053397
0 0.4180495105409661 0.41101884142744227 0.04394279224211723 0.04126522478120418
0 0.19966892170691627 0.4235772275505178 0.09643271470401293 0.035347022152599585
0 0.3819776458615469 0.4076865635309751 0.03750213598093827 0.03269604993355939
0 0.24780450604143245 0.42956650361986803 0.05959441714470053 0.05378700770940249
0 0.36100641782422194 0.4074010765098057 0.01766149313451809 0.0275380124327957
0 0.249934760255104 0.42652678279932643 0.059300295563867025 0.05618220503612231