0 0.8625132949841579 0.5588723907023231 0.27450848483493456 0.2503736986326216
0 0.0817873776202697 0.5241426410097064 0.1635747552405394 0.24184399079950208
0 0.20163779831868356 0.4655779766780074 0.13586141316498876 0.13541472762211326
0 0.5993571994934331 0.4331925616819022 0.08547546935685814 0.07363736477998228
0 0.28521189529780766 0.4388561975921004 0.0770952376009301 0.07319785795836388
0 0.3182289828458772 0.4191131442639602 0.06327601485045738 0.06781948533342498
0 0.41317571856794255 0.39449199180565736 0.03328726667901676 0.02869171411061217
0 0.5501083660983493 0.4126936091239385 0.041838077473426 0.05604116191845369
0 0.5598700235636627 0.4242396350014128 0.03315097312896055 0.05707136137394611
0 0.4410702821570932 0.39083547582840755 0.023740130570318888 0.019072531721575636
0 0.45467236348087436 0.38945254925292494 0.018516209899453188 0.02087429192059201
3 0.5210260124549647 0.3977501832844575 0.01773158624731705 0.031053351050830888