0 0.7826830286133611 0.5434307348227104 0.25197543302521974 0.19206322812614554
0 0.6918386613747572 0.4690714935869532 0.1411652334966527 0.14301217266541422
0 0.9017081209995272 0.6874734798368005 0.1960246100936478 0.37720042775919477
0 0.29941855155339714 0.43748189230701673 0.07369381272198232 0.06950203903958944
0 0.5843638859122675 0.43709976628845154 0.0682620082053608 0.07745770019053946
0 0.6045092803381158 0.4565563630731458 0.06334605805715965 0.08316168314317571
0 0.3583716753556508 0.4113528343939012 0.04055776151593162 0.038448717820213224
0 0.5095190389762623 0.4146603223515396 0.03856154260144113 0.03379951544171554
0 0.4767921179508637 0.40796248957092346 0.029361952550081765 0.025772557114109848
0 0.3796190712555256 0.39727705641342864 0.017959881686618457 0.01822845071175464
0 0.44532103394253375 0.3976250850793087 0.01328999354813982 0.018270781545928032
0 0.46090024509882205 0.4044628273823161 0.020791029598707073 0.024374625316929376