0 0.10148556351369263 0.4996002435917262 0.20297112702738526 0.19789318931184324
0 0.7828981737961851 0.5206217686568304 0.20315379581778925 0.1759012917735826
0 0.8982255737604125 0.671600252302511 0.20306256747304272 0.39421766174853373
0 0.6752629252797936 0.4614035419005453 0.11056246566460548 0.12376590255185423
0 0.42645528174187447 0.40844596795672194 0.0471706437167825 0.04059574727555291
0 0.465265631188356 0.40318950157128236 0.030382981382231194 0.025586677320075756
0 0.4887761438078112 0.3997078724970216 0.023399421648226698 0.026781844719880255
0 0.5782042758345897 0.4086037912676411 0.030125166486738554 0.03692537458760997
1 0.3263448245780739 0.4131486879648934 0.012886802192993664 0.041737814686049
1 0.5776778413736713 0.43304007820136853 0.02044153720359771 0.021505376344086023
1 0.598528209321341 0.41886608015640275 0.016353229762878167 0.04985337243401759
1 0.3426001635322976 0.41642228739002934 0.02125919869174162 0.043010752688172046