0 0.44629359147827447 0.42604989716500946 0.06606052551519062 0.05378876776522788
0 0.5075791390918847 0.40678724958283696 0.04703699518985078 0.04231421805313722
0 0.6868615762581127 0.43443080570224674 0.06953690935136447 0.07866987151950453
0 0.5483612035593827 0.3978847380607359 0.030349394579159854 0.03281868704369807
0 0.5696490483506235 0.3920220368535404 0.024035874099294766 0.027215236093291788
0 0.9799866071998927 0.8479074308483016 0.03935544878756132 0.2678620011226173
0 0.588441313823909 0.3851096264194999 0.014804893113118356 0.015815891478418255
0 0.6583587322094746 0.39115690975245143 0.023325410906837693 0.021228033310040934
0 0.6239308616906429 0.38493372524705216 0.012520641161590351 0.0154327661061217
0 0.6742084593628629 0.3969960739419141 0.03168657853383074 0.01995026261226173
1 0.7254279347978843 0.44281881412569496 0.0226202377606296 0.08559160428312866