0 0.7089517613658141 0.4735745218375794 0.1730390597052586 0.1394610959646872
0 0.1780993881911795 0.48012540487250277 0.1780577665065413 0.12748612360054679
0 0.2530956502245375 0.45563734544919965 0.10457328490711877 0.09680808208088953
0 0.6102055871671862 0.43194926122999144 0.07002953243177637 0.06210932726967253
0 0.5065932691048524 0.40132539363201064 0.024618527778132667 0.02137358097736437
0 0.5695668031032809 0.4151883092677022 0.040307557300183976 0.0509349416544477
0 0.4831941967993024 0.3984739838690585 0.020941047325352617 0.017812719559506352
0 0.5467297982116849 0.40927486475611713 0.023161868627989576 0.03826173426235643
0 0.584341378262661 0.4235824033079026 0.046139234416521874 0.05144977289910191
1 0.17293540474243663 0.4071358748778104 0.025347506132461162 0.024437927663734114
1 0.276369582992641 0.4066471163245357 0.024529844644317254 0.03519061583577713