0 0.8776903129072338 0.5338464701513624 0.2441414734036437 0.2858185082936217
0 0.4312663167983123 0.40109682502634714 0.059514442624757254 0.050183666300097754
0 0.4804762858206 0.39312293685659516 0.03641238645364881 0.029743213224737292
0 0.507891152008381 0.3887239458041224 0.025133009728894113 0.030394404048677298
0 0.6163055095532246 0.40220331842715207 0.0417493444335139 0.04274528257308468
0 0.5833850027787715 0.37542851393057336 0.018072195357215864 0.016631244797394307
1 0.037838970942275015 0.40875709511317815 0.02189334298583785 0.06213068659121457
1 0.28494472300918594 0.4090817359185988 0.02467482185519726 0.056554740242011854
1 0.2884414435797603 0.4085288397377887 0.025211561925081765 0.05745433758896933
1 0.6263286999182338 0.41642228739002934 0.016353229762878167 0.05474095796676442
1 0.6520850367947669 0.41397849462365593 0.018806214227309895 0.0635386119257087