0 0.1264025484648086 0.5102220015092329 0.2528050969296172 0.19252967275132882
0 0.7376909357353204 0.4948947045110887 0.15634447224103126 0.13450454010874877
0 0.6562096010147307 0.45608023814092286 0.09347586581089024 0.08266997127588893
0 0.3728844556083274 0.44291248489335133 0.07875197029269726 0.05954749143717925
0 0.4331833347373582 0.42862779723584127 0.04899308960260374 0.053668159194006596
0 0.4533055353047705 0.42119618524903774 0.03138888866708402 0.040339942551777856
0 0.542146222667429 0.40399602477967683 0.023262778755493662 0.019386090141587244
0 0.582806516259007 0.4070165043119578 0.02127222418297731 0.022737982219498413
0 0.6280911836288839 0.4354395265103785 0.04744892011191742 0.06211550238078874
0 0.6018744380573513 0.40921005592085163 0.02951581304617232 0.026666039012860458
0 0.6030083794332584 0.4093990680176259 0.02921652618433156 0.027172636776026392