0 0.7923604944935609 0.5063661219204393 0.234271195318888 0.18217072994944403
0 0.110861590331632 0.48286612502291054 0.221723180663264 0.18451243947794477
0 0.244003114988837 0.44538888343967653 0.10322999993212771 0.11432460512700085
0 0.5866433718315618 0.42168124470193363 0.07587553259786387 0.06668368252840909
0 0.30583631339272027 0.42597076923150357 0.05985372922309383 0.06540397278607649
0 0.329116496899434 0.40896937574459313 0.05769461680901216 0.06255238403439638
0 0.4124086743383649 0.38779591908086664 0.03168236146866057 0.027957174202330768
0 0.5436604984061989 0.4045847187060881 0.03895190808973835 0.05103612994868035
0 0.4374383659705897 0.3840818433118356 0.020779002229405152 0.019395666038535556
0 0.5164600537628399 0.3895525144575162 0.017141296935685814 0.03037220944640457
0 0.4532934330763236 0.38237937710968045 0.01726870720053148 0.02063000213831867
0 0.5571277833628245 0.41422767676449473 0.041059093210215655 0.05245968696542033
1 0.22251884603929248 0.38116902549945014 0.011419987152174469 0.0167266756208761