0 0.27011147075662434 0.4323992836393802 0.10259657927643347 0.08437477924723547
0 0.6008551060324893 0.4397873267866416 0.09050196150922424 0.07810095584753787
0 0.5246614969273814 0.4145704700100806 0.051501794223988144 0.04548497353830645
0 0.38927074816026164 0.3940811530119746 0.02681264931904129 0.024407917220338464
0 0.32026848282272075 0.42263431493138287 0.042565209302177026 0.0638602845013899
0 0.34273328804521414 0.40761267101776333 0.036987454405790064 0.04469545425907258
0 0.49774968419422017 0.40519134133675466 0.03067777669536999 0.03885153195259042
0 0.4103846826810673 0.39090850322943393 0.01797325652053097 0.01719547693097813
0 0.4220691846222148 0.39027615096911655 0.014509598739012674 0.017131070820350685
0 0.5030269295293975 0.408568933212862 0.024869156195702166 0.03564127962144123
0 0.3378505753574075 0.41416720840588345 0.02727118653541496 0.04769458938553885
0 0.47830202690617335 0.39487191029657714 0.01782066862990597 0.025803223849508186