0 0.680723725238591 0.5132213305401546 0.1927257172903465 0.1647655080606977
0 0.1753198579989392 0.5372187221970842 0.3056853427715411 0.25598362300869076
0 0.9331218878558105 0.7762614349932032 0.13327912200403721 0.3191333819228067
0 0.6000650176627658 0.46233768407200787 0.09801846844976492 0.09824473510622862
0 0.44163067771680803 0.4169080777135646 0.051936176889564596 0.05168940897444709
0 0.4888354821567738 0.40628538010523585 0.04032756964495605 0.03669686564485582
0 0.5793294586905279 0.432484706009821 0.07888521957085548 0.07488846615728861
0 0.5216571000006388 0.3862123312255621 0.020054365705488554 0.019952470139907134
0 0.505790080384748 0.3897058630502352 0.01941901118854763 0.021987273662787146
0 0.47313632169709474 0.3937654914744089 0.022804441163506745 0.024727740245830278
0 0.5653150781489549 0.39536172786649254 0.03203088069488451 0.02342091371120479
3 0.30212591986917414 0.41642228739002934 0.02698282910874898 0.06451612903225806