0 0.8633696087441869 0.664030863742325 0.2726976421165934 0.39432699402989063
0 0.07680517712871461 0.47055536980503115 0.15361035425742922 0.22278518154707355
0 0.29880038968676537 0.4642001661970002 0.16326228069264873 0.14856589458088953
0 0.5281855410858928 0.3975483884093582 0.05921592930741517 0.0491545109455187
0 0.4007666674385476 0.39751405240503573 0.04704587847506132 0.05035415306352334
0 0.2840213229786833 0.39207655383694556 0.07334227417690872 0.05708192170889846
0 0.49041975119614933 0.3907206993065738 0.03463757593711672 0.03270810184124511
0 0.4500210653634122 0.38177855669694677 0.0209324634767222 0.025316493835150906
0 0.4703446744605351 0.3855803369427007 0.025011588195651063 0.02991763774017901
3 0.19133278822567457 0.40762463343108507 0.02125919869174162 0.06451612903225806
3 0.22403924775143091 0.4032258064516129 0.017988552739165987 0.05767350928641251