0 0.7744881730535824 0.48677938541475746 0.21563036989600368 0.19762748054511853
0 0.26444274952249847 0.44848847598973607 0.14095552807836775 0.10525992981732649
0 0.3965640750364115 0.4063096778250626 0.0719596008151063 0.0666320442803794
0 0.45760991119110284 0.3930320553299502 0.040090066530815614 0.044296756867439516
0 0.6711344933373364 0.45506549137894825 0.057634854258227716 0.10459418124350868
0 0.4862046822698411 0.3861636612072718 0.027848250731423753 0.03305363958066043
0 0.5898515353510834 0.38581127714901026 0.02905373249693377 0.02578911357145039
0 0.5168332266008279 0.38073145772238515 0.02062698825889207 0.019836724095796676
0 0.6329679075850879 0.4086131732601341 0.05335271153797016 0.0543140996819251
0 0.6619878287015152 0.43697803903768023 0.07311976784482319 0.07535729729884531
0 0.5712569229737327 0.3826851942672058 0.01797627583938062 0.01930014572068976
0 0.5434790897447364 0.37850198904207144 0.014600627459372444 0.016898236316669722