0 0.7296565781824919 0.5054290860978738 0.19772346353102002 0.15916011806573802
0 0.8654326020160467 0.7175756549555535 0.26819636172577677 0.4610953680581012
0 0.4363971376458057 0.43494963436182643 0.08942501289573539 0.0853402444460991
0 0.6675684282454134 0.4540707466073283 0.11019291101862735 0.11843332120983016
0 0.5020581773335292 0.413889895203293 0.05306884566000613 0.054009968001588464
0 0.6189767084254267 0.43710981948867456 0.0363353813464585 0.07812461219108932
0 0.6206692986476645 0.40293608336388076 0.03754046386319501 0.04355463976967253
0 0.5495799852996601 0.3857271524468475 0.023662227153388185 0.023234109142076003
0 0.5206378677879702 0.39075561702426226 0.031914449771310305 0.03041439112330462
0 0.5678441444577882 0.3815465574739965 0.02071382486713001 0.019694815865942693
3 0.17702371218315618 0.44868035190615835 0.0678659035159444 0.14076246334310852